0 0.3703125 0.20107238605898123 0.10625 0.17158176943699732
0 0.29375 0.14209115281501342 0.0484375 0.08042895442359249
0 0.178125 0.5093833780160858 0.0328125 0.05630026809651475
0 0.11875 0.32439678284182305 0.0359375 0.06702412868632708
0 0.5828125 0.5630026809651475 0.0375 0.06166219839142091
0 0.7203125 0.35924932975871315 0.025 0.045576407506702415
0 0.5296875 0.26541554959785524 0.0234375 0.05361930294906166
0 0.571875 0.32707774798927614 0.025 0.04825737265415549
0 0.7125 0.045576407506702415 0.0265625 0.04825737265415549
0 0.715625 0.4075067024128686 0.021875 0.03753351206434316
0 0.7046875 0.4584450402144772 0.01875 0.03485254691689008
0 0.7546875 0.353887399463807 0.021875 0.03485254691689008
0 0.8109375 0.28418230563002683 0.021875 0.03753351206434316
0 0.8859375 0.2975871313672922 0.0203125 0.03753351206434316
0 0.9515625 0.2949061662198391 0.021875 0.04289544235924933
0 0.9234375 0.46112600536193027 0.01875 0.029490616621983913
0 0.9 0.3646112600536193 0.0359375 0.064343163538874
0 0.7625 0.7640750670241286 0.0296875 0.05093833780160858
0 0.14375 0.6327077747989276 0.0234375 0.04289544235924933
0 0.090625 0.5549597855227882 0.028125 0.045576407506702415
0 0.065625 0.8659517426273459 0.0296875 0.05361930294906166
0 0.171875 0.9490616621983914 0.0296875 0.05361930294906166
0 0.5765625 0.6380697050938338 0.025 0.045576407506702415
0 0.859375 0.6836461126005362 0.0296875 0.04289544235924933
0 0.7640625 0.9249329758713136 0.0171875 0.032171581769437
0 0.89375 0.9329758713136729 0.0234375 0.040214477211796246
0 0.50625 0.13941018766756033 0.025 0.04289544235924933
0 0.0875 0.30294906166219837 0.0203125 0.03485254691689008
0 0.028125 0.6407506702412868 0.0171875 0.03485254691689008
0 0.1453125 0.7131367292225201 0.01875 0.040214477211796246
0 0.16875 0.7533512064343163 0.0203125 0.032171581769437
0 0.18125 0.8284182305630027 0.0234375 0.040214477211796246
0 0.2953125 0.8042895442359249 0.021875 0.03753351206434316
0 0.503125 0.6514745308310992 0.0203125 0.03753351206434316
0 0.278125 0.8498659517426274 0.0203125 0.032171581769437
0 0.2859375 0.8927613941018767 0.0203125 0.03485254691689008
0 0.31875 0.8900804289544236 0.01875 0.032171581769437
0 0.196875 0.43699731903485256 0.01875 0.029490616621983913
0 0.2859375 0.2975871313672922 0.0140625 0.02680965147453083
0 0.475 0.8284182305630027 0.01875 0.032171581769437
0 0.4640625 0.8820375335120644 0.015625 0.032171581769437
0 0.165625 0.05361930294906166 0.015625 0.029490616621983913
0 0.078125 0.2037533512064343 0.015625 0.02680965147453083
0 0.0546875 0.040214477211796246 0.025 0.032171581769437
0 0.4640625 0.7560321715817694 0.01875 0.032171581769437
0 0.3578125 0.67828418230563 0.0171875 0.03485254691689008
0 0.0125 0.6300268096514745 0.025 0.13672922252010725
0 0.0078125 0.40214477211796246 0.0125 0.06702412868632708
0 0.0109375 0.32439678284182305 0.0203125 0.0777479892761394
0 0.3203125 0.40214477211796246 0.015625 0.02680965147453083
0 0.0734375 0.48257372654155495 0.0140625 0.024128686327077747
0 0.071875 0.9906166219839142 0.015625 0.01876675603217158
0 0.2125 0.9919571045576407 0.0203125 0.0160857908847185
0 0.671875 0.7479892761394102 0.015625 0.029490616621983913
0 0.6640625 0.9195710455764075 0.0171875 0.032171581769437
0 0.734375 0.8579088471849866 0.015625 0.024128686327077747
0 0.7953125 0.8471849865951743 0.015625 0.02680965147453083
0 0.8015625 0.8927613941018767 0.0140625 0.024128686327077747
0 0.8421875 0.900804289544236 0.015625 0.029490616621983913
0 0.890625 0.6702412868632708 0.0171875 0.02680965147453083
0 0.9140625 0.5388739946380697 0.0140625 0.024128686327077747
0 0.853125 0.5442359249329759 0.0125 0.02680965147453083
0 0.89375 0.5898123324396782 0.015625 0.02680965147453083
0 0.2 0.6970509383378016 0.0203125 0.03753351206434316
0 0.215625 0.6327077747989276 0.0140625 0.029490616621983913
0 0.946875 0.07506702412868632 0.01875 0.032171581769437
0 0.54375 0.3485254691689008 0.0171875 0.029490616621983913
0 0.45 0.3297587131367292 0.0140625 0.021447721179624665
0 0.715625 0.010723860589812333 0.0140625 0.021447721179624665
0 0.2609375 0.010723860589812333 0.0125 0.01876675603217158
0 0.1859375 0.032171581769437 0.0125 0.021447721179624665
0 0.0890625 0.1581769436997319 0.015625 0.02680965147453083
0 0.1109375 0.1769436997319035 0.015625 0.029490616621983913
0 0.2265625 0.2225201072386059 0.015625 0.032171581769437
0 0.25625 0.23324396782841822 0.0140625 0.024128686327077747
0 0.221875 0.26273458445040215 0.0125 0.024128686327077747
0 0.28125 0.26273458445040215 0.0140625 0.024128686327077747
0 0.21875 0.1769436997319035 0.0109375 0.021447721179624665
0 0.2859375 0.19839142091152814 0.0125 0.024128686327077747
0 0.371875 0.09919571045576407 0.0140625 0.029490616621983913
0 0.4296875 0.4718498659517426 0.0140625 0.02680965147453083
0 0.453125 0.4075067024128686 0.0140625 0.02680965147453083
0 0.58125 0.675603217158177 0.0125 0.021447721179624665
0 0.040625 0.9088471849865952 0.0125 0.024128686327077747
0 0.0171875 0.7506702412868632 0.0109375 0.021447721179624665
0 0.678125 0.14209115281501342 0.0140625 0.02680965147453083
0 0.740625 0.18498659517426275 0.015625 0.02680965147453083
0 0.05625 0.6166219839142091 0.0140625 0.024128686327077747
0 0.046875 0.24664879356568364 0.015625 0.02680965147453083
0 0.0578125 0.128686327077748 0.0171875 0.03485254691689008
0 0.1171875 0.1126005361930295 0.01875 0.032171581769437
0 0.05625 0.17962466487935658 0.0140625 0.024128686327077747
0 0.415625 0.4718498659517426 0.0109375 0.02680965147453083
0 0.6453125 0.5201072386058981 0.015625 0.02680965147453083
0 0.8265625 0.4343163538873995 0.0140625 0.029490616621983913
0 0.890625 0.5093833780160858 0.025 0.045576407506702415
0 0.7421875 0.8900804289544236 0.0125 0.02680965147453083
0 0.3328125 0.806970509383378 0.015625 0.029490616621983913
0 0.0375 0.38873994638069703 0.0109375 0.021447721179624665
0 0.2109375 0.12332439678284182 0.0125 0.021447721179624665
0 0.6625 0.08579088471849866 0.0125 0.024128686327077747
0 0.6265625 0.14745308310991956 0.015625 0.021447721179624665
0 0.6515625 0.22788203753351208 0.0125 0.021447721179624665
0 0.6578125 0.18230563002680966 0.0125 0.01876675603217158
0 0.878125 0.14209115281501342 0.0109375 0.01876675603217158
0 0.9578125 0.21179624664879357 0.015625 0.024128686327077747
0 0.9890625 0.08847184986595175 0.0125 0.024128686327077747
0 0.99375 0.6541554959785523 0.0109375 0.024128686327077747
0 0.984375 0.4155495978552279 0.021875 0.03485254691689008
0 0.93125 0.8445040214477212 0.0140625 0.024128686327077747
0 0.271875 0.4450402144772118 0.0140625 0.021447721179624665
0 0.240625 0.44235924932975873 0.0125 0.021447721179624665
0 0.240625 0.5871313672922251 0.0125 0.024128686327077747
0 0.159375 0.4155495978552279 0.0109375 0.021447721179624665
0 0.2015625 0.4075067024128686 0.0140625 0.02680965147453083
0 0.190625 0.27882037533512066 0.03125 0.05093833780160858
0 0.178125 0.46380697050938335 0.01875 0.029490616621983913
0 0.2203125 0.7372654155495979 0.0125 0.02680965147453083
0 0.1984375 0.22788203753351208 0.0125 0.02680965147453083
0 0.2125 0.2386058981233244 0.0109375 0.021447721179624665
0 0.1421875 0.22788203753351208 0.0140625 0.021447721179624665
0 0.1484375 0.1581769436997319 0.0125 0.021447721179624665
0 0.084375 0.07238605898123325 0.0109375 0.021447721179624665
0 0.059375 0.21179624664879357 0.0140625 0.024128686327077747
0 0.109375 0.38337801608579086 0.0109375 0.024128686327077747
0 0.0953125 0.24932975871313673 0.0109375 0.01876675603217158
0 0.71875 0.2868632707774799 0.0125 0.021447721179624665
0 0.753125 0.2707774798927614 0.015625 0.03485254691689008
0 0.053125 0.3351206434316354 0.0140625 0.02680965147453083
0 0.0703125 0.9705093833780161 0.0140625 0.021447721179624665
0 0.015625 0.9517426273458445 0.015625 0.01876675603217158
0 0.4609375 0.6621983914209115 0.015625 0.029490616621983913
0 0.603125 0.18498659517426275 0.0109375 0.021447721179624665
0 0.609375 0.613941018766756 0.0140625 0.02680965147453083
0 0.9828125 0.871313672922252 0.0109375 0.021447721179624665
0 0.3296875 0.3646112600536193 0.0109375 0.024128686327077747
0 0.571875 0.36193029490616624 0.0109375 0.021447721179624665
0 0.5265625 0.4075067024128686 0.009375 0.01876675603217158
0 0.5703125 0.47989276139410186 0.009375 0.0160857908847185
0 0.5171875 0.5844504021447721 0.0109375 0.021447721179624665
0 0.5109375 0.26005361930294907 0.0125 0.021447721179624665
0 0.4359375 0.04289544235924933 0.009375 0.0160857908847185
0 0.484375 0.05630026809651475 0.0140625 0.02680965147453083
0 0.74375 0.14209115281501342 0.0140625 0.032171581769437
0 0.959375 0.1876675603217158 0.0125 0.024128686327077747
0 0.678125 0.0938337801608579 0.0109375 0.01876675603217158
0 0.490625 0.5040214477211796 0.0125 0.02680965147453083
0 0.34375 0.4772117962466488 0.0109375 0.021447721179624665
0 0.0359375 0.7265415549597856 0.0140625 0.02680965147453083
0 0.0546875 0.6809651474530831 0.0171875 0.03485254691689008
0 0.3578125 0.8525469168900804 0.0140625 0.021447721179624665
0 0.31875 0.7560321715817694 0.0078125 0.021447721179624665
0 0.359375 0.7426273458445041 0.0140625 0.029490616621983913
0 0.678125 0.12332439678284182 0.00625 0.0160857908847185
0 0.475 0.38337801608579086 0.009375 0.021447721179624665
0 0.784375 0.4959785522788204 0.0125 0.021447721179624665
0 0.684375 0.47989276139410186 0.009375 0.021447721179624665
0 0.728125 0.7640750670241286 0.0171875 0.024128686327077747
0 0.56875 0.8927613941018767 0.0265625 0.04289544235924933
0 0.6484375 0.4450402144772118 0.015625 0.024128686327077747