0 0.509375 0.15028901734104047 0.0734375 0.12138728323699421
0 0.1796875 0.6184971098265896 0.05625 0.08092485549132948
0 0.7109375 0.7369942196531792 0.06875 0.11849710982658959
0 0.6890625 0.8526011560693642 0.1125 0.0953757225433526
0 0.8578125 0.9566473988439307 0.0484375 0.07514450867052024
0 0.38125 0.869942196531792 0.040625 0.06358381502890173
0 0.40625 0.9046242774566474 0.0265625 0.04046242774566474
0 0.3796875 0.9364161849710982 0.028125 0.05202312138728324
0 0.5515625 0.8526011560693642 0.0484375 0.08670520231213873
0 0.1359375 0.4682080924855491 0.0375 0.06358381502890173
0 0.05625 0.6416184971098265 0.0484375 0.05491329479768786
0 0.1546875 0.1416184971098266 0.040625 0.049132947976878616
0 0.3875 0.3236994219653179 0.053125 0.11271676300578035
0 0.325 0.3439306358381503 0.0234375 0.04046242774566474
0 0.41875 0.49710982658959535 0.0234375 0.046242774566473986
0 0.234375 0.653179190751445 0.0265625 0.03468208092485549
0 0.6125 0.42485549132947975 0.0296875 0.06358381502890173
0 0.2 0.9508670520231214 0.025 0.03757225433526012
0 0.59375 0.2543352601156069 0.01875 0.03468208092485549
0 0.3359375 0.5202312138728323 0.0296875 0.04335260115606936
0 0.228125 0.6127167630057804 0.025 0.04046242774566474
0 0.178125 0.5346820809248555 0.025 0.03757225433526012
0 0.134375 0.5520231213872833 0.025 0.04046242774566474
0 0.21875 0.838150289017341 0.0234375 0.04335260115606936
0 0.0828125 0.9017341040462428 0.034375 0.05491329479768786
0 0.1015625 0.8323699421965318 0.034375 0.04046242774566474
0 0.1625 0.9161849710982659 0.0359375 0.049132947976878616
0 0.0484375 0.41040462427745666 0.021875 0.04046242774566474
0 0.046875 0.5 0.021875 0.05491329479768786
0 0.68125 0.315028901734104 0.021875 0.04335260115606936
0 0.8859375 0.17630057803468208 0.015625 0.031791907514450865
0 0.81875 0.6560693641618497 0.028125 0.04046242774566474
0 0.8734375 0.6791907514450867 0.01875 0.028901734104046242
0 0.553125 0.7514450867052023 0.0296875 0.04335260115606936
0 0.3515625 0.6358381502890174 0.03125 0.03757225433526012
0 0.9125 0.2543352601156069 0.03125 0.07803468208092486
0 0.940625 0.9017341040462428 0.021875 0.04335260115606936
0 0.1265625 0.31213872832369943 0.0109375 0.017341040462427744
0 0.8359375 0.8554913294797688 0.0203125 0.04335260115606936
0 0.7984375 0.8410404624277457 0.009375 0.017341040462427744
0 0.7828125 0.8526011560693642 0.01875 0.03757225433526012
0 0.7921875 0.5520231213872833 0.01875 0.028901734104046242
0 0.5828125 0.9739884393063584 0.0375 0.04335260115606936
0 0.1671875 0.7832369942196532 0.0390625 0.06358381502890173
0 0.1 0.6965317919075145 0.025 0.049132947976878616
0 0.0671875 0.7167630057803468 0.021875 0.04046242774566474
0 0.434375 0.7485549132947977 0.021875 0.046242774566473986
0 0.9765625 0.6213872832369942 0.01875 0.03757225433526012
0 0.4953125 0.3786127167630058 0.1765625 0.30346820809248554
0 0.7359375 0.9595375722543352 0.0328125 0.07803468208092486