0 0.6421875 0.6296296296296297 0.14375 0.3247863247863248
0 0.23125 0.7749287749287749 0.0359375 0.05982905982905983
0 0.253125 0.8262108262108262 0.021875 0.042735042735042736
0 0.3125 0.9002849002849003 0.025 0.045584045584045586
0 0.809375 0.9259259259259259 0.0390625 0.07692307692307693
0 0.6703125 0.17094017094017094 0.0234375 0.045584045584045586
0 0.9703125 0.06552706552706553 0.0359375 0.06552706552706553
0 0.9109375 0.7122507122507122 0.03125 0.05698005698005698
0 0.890625 0.6951566951566952 0.0125 0.022792022792022793
0 0.728125 0.39316239316239315 0.021875 0.037037037037037035
0 0.2578125 0.2706552706552707 0.025 0.042735042735042736
0 0.059375 0.4074074074074074 0.0265625 0.05698005698005698
0 0.1640625 0.4444444444444444 0.01875 0.03133903133903134
0 0.0109375 0.6068376068376068 0.015625 0.02564102564102564
0 0.1140625 0.717948717948718 0.0140625 0.02849002849002849
0 0.190625 0.8660968660968661 0.015625 0.02849002849002849
0 0.19375 0.9116809116809117 0.0140625 0.02564102564102564
0 0.371875 0.20797720797720798 0.0171875 0.02849002849002849
0 0.7546875 0.037037037037037035 0.0265625 0.045584045584045586
0 0.175 0.22507122507122507 0.015625 0.02849002849002849
0 0.0703125 0.19943019943019943 0.01875 0.02849002849002849
0 0.040625 0.21652421652421652 0.0171875 0.02564102564102564
0 0.2703125 0.17663817663817663 0.0203125 0.039886039886039885
0 0.1671875 0.2849002849002849 0.0125 0.02849002849002849
0 0.1546875 0.8148148148148148 0.0140625 0.019943019943019943
0 0.165625 0.8005698005698005 0.0109375 0.019943019943019943
0 0.1546875 0.8404558404558404 0.0109375 0.017094017094017096
0 0.01875 0.2022792022792023 0.0109375 0.022792022792022793
0 0.0078125 0.05128205128205128 0.0125 0.02564102564102564
0 0.0328125 0.037037037037037035 0.0125 0.019943019943019943
0 0.0640625 0.03133903133903134 0.0078125 0.017094017094017096
0 0.215625 0.017094017094017096 0.0171875 0.03133903133903134
0 0.2046875 0.09686609686609686 0.0109375 0.019943019943019943
0 0.1296875 0.13675213675213677 0.0109375 0.022792022792022793
0 0.0921875 0.1168091168091168 0.0125 0.022792022792022793
0 0.0828125 0.4586894586894587 0.0125 0.022792022792022793
0 0.01875 0.4700854700854701 0.0140625 0.037037037037037035
0 0.0859375 0.4358974358974359 0.015625 0.02564102564102564
0 0.1578125 0.5327635327635327 0.0171875 0.037037037037037035
0 0.109375 0.5726495726495726 0.0140625 0.03418803418803419
0 0.2515625 0.4985754985754986 0.0140625 0.02849002849002849
0 0.1671875 0.6410256410256411 0.0125 0.019943019943019943
0 0.34375 0.8547008547008547 0.0140625 0.02849002849002849
0 0.434375 0.5498575498575499 0.015625 0.022792022792022793
0 0.5046875 0.584045584045584 0.015625 0.02564102564102564
0 0.0046875 0.8547008547008547 0.0078125 0.022792022792022793
0 0.0296875 0.8689458689458689 0.009375 0.014245014245014245
0 0.1046875 0.9031339031339032 0.0125 0.017094017094017096
0 0.0859375 0.6609686609686609 0.009375 0.017094017094017096
0 0.10625 0.6267806267806267 0.015625 0.019943019943019943
0 0.0875 0.5811965811965812 0.0109375 0.017094017094017096
0 0.303125 0.25925925925925924 0.0109375 0.017094017094017096
0 0.1125 0.15954415954415954 0.009375 0.014245014245014245
0 0.0453125 0.15384615384615385 0.009375 0.014245014245014245
0 0.3546875 0.05982905982905983 0.0140625 0.022792022792022793
0 0.3671875 0.1339031339031339 0.015625 0.02564102564102564
0 0.48125 0.1225071225071225 0.0140625 0.022792022792022793
0 0.3453125 0.6381766381766382 0.0078125 0.019943019943019943
0 0.425 0.5811965811965812 0.0109375 0.022792022792022793
0 0.4765625 0.8746438746438746 0.009375 0.019943019943019943
0 0.459375 0.8803418803418803 0.009375 0.017094017094017096
0 0.4125 0.9515669515669516 0.009375 0.019943019943019943
0 0.4296875 0.6581196581196581 0.0109375 0.019943019943019943
0 0.475 0.33903133903133903 0.0140625 0.022792022792022793
0 0.48125 0.358974358974359 0.009375 0.022792022792022793
0 0.5125 0.19943019943019943 0.0140625 0.022792022792022793
0 0.534375 0.23646723646723647 0.0125 0.02849002849002849
0 0.5703125 0.24216524216524216 0.0171875 0.02849002849002849
0 0.5578125 0.33618233618233617 0.0125 0.017094017094017096
0 0.5515625 0.2621082621082621 0.0109375 0.02564102564102564
0 0.5015625 0.42165242165242167 0.021875 0.02564102564102564
0 0.6375 0.3162393162393162 0.0125 0.019943019943019943
0 0.6625 0.3190883190883191 0.0125 0.019943019943019943
0 0.675 0.3333333333333333 0.0078125 0.019943019943019943
0 0.690625 0.26495726495726496 0.021875 0.03133903133903134
0 0.621875 0.27350427350427353 0.0109375 0.017094017094017096
0 0.628125 0.07692307692307693 0.0171875 0.03133903133903134
0 0.6015625 0.019943019943019943 0.0203125 0.037037037037037035
0 0.5375 0.02564102564102564 0.0109375 0.019943019943019943
0 0.728125 0.07122507122507123 0.0140625 0.02849002849002849
0 0.7640625 0.301994301994302 0.0171875 0.02564102564102564
0 0.7625 0.5527065527065527 0.0203125 0.02849002849002849
0 0.8 0.5470085470085471 0.0125 0.022792022792022793
0 0.8125 0.5726495726495726 0.015625 0.02564102564102564
0 0.6515625 0.9914529914529915 0.0125 0.017094017094017096
0 0.7390625 0.8262108262108262 0.0140625 0.02564102564102564
0 0.7859375 0.8376068376068376 0.015625 0.03133903133903134
0 0.74375 0.905982905982906 0.0140625 0.019943019943019943
0 0.7265625 0.9487179487179487 0.015625 0.02849002849002849
0 0.7359375 0.9829059829059829 0.0109375 0.017094017094017096
0 0.7703125 0.9857549857549858 0.0125 0.019943019943019943
0 0.8578125 0.9202279202279202 0.0125 0.02849002849002849
0 0.89375 0.6210826210826211 0.0140625 0.02564102564102564
0 0.846875 0.5954415954415955 0.0125 0.017094017094017096
0 0.834375 0.3475783475783476 0.015625 0.022792022792022793
0 0.884375 0.3903133903133903 0.0140625 0.02564102564102564
0 0.8625 0.07977207977207977 0.0109375 0.017094017094017096
0 0.9046875 0.06837606837606838 0.0109375 0.017094017094017096
0 0.7984375 0.25925925925925924 0.0109375 0.019943019943019943