0 0.11875 0.49379652605459057 0.1171875 0.17121588089330025
0 0.225 0.20347394540942929 0.0640625 0.08933002481389578
0 0.428125 0.5210918114143921 0.09375 0.17866004962779156
0 0.45 0.38461538461538464 0.0515625 0.08933002481389578
0 0.5515625 0.2531017369727047 0.0390625 0.05955334987593052
0 0.584375 0.23821339950372208 0.0328125 0.05955334987593052
0 0.6015625 0.8635235732009926 0.046875 0.07692307692307693
0 0.7140625 0.16377171215880892 0.040625 0.062034739454094295
0 0.6484375 0.36228287841191065 0.03125 0.04714640198511166
0 0.9140625 0.826302729528536 0.0546875 0.08188585607940446
0 0.3484375 0.7890818858560794 0.0234375 0.034739454094292806
0 0.0984375 0.9826302729528535 0.0203125 0.03225806451612903
0 0.075 0.9478908188585607 0.0234375 0.02977667493796526
0 0.8921875 0.2803970223325062 0.0421875 0.07444168734491315
0 0.8375 0.543424317617866 0.0578125 0.0967741935483871
0 0.9078125 0.3746898263027295 0.0234375 0.05459057071960298
0 0.8328125 0.08188585607940446 0.0484375 0.08436724565756824
0 0.934375 0.2630272952853598 0.015625 0.022332506203473945
0 0.984375 0.3027295285359802 0.025 0.03722084367245657
0 0.6171875 0.3176178660049628 0.01875 0.02977667493796526
0 0.6859375 0.33002481389578164 0.021875 0.04218362282878412
0 0.7 0.5136476426799007 0.0203125 0.02977667493796526
0 0.6515625 0.6104218362282878 0.0203125 0.02729528535980149
0 0.6640625 0.6625310173697271 0.01875 0.02977667493796526
0 0.7890625 0.8312655086848635 0.0234375 0.03970223325062035
0 0.0296875 0.4838709677419355 0.040625 0.05955334987593052
0 0.190625 0.34491315136476425 0.01875 0.034739454094292806
0 0.19375 0.6550868486352357 0.0140625 0.02481389578163772
0 0.228125 0.5955334987593052 0.0171875 0.022332506203473945
0 0.11875 0.8660049627791563 0.0203125 0.02977667493796526
0 0.215625 0.6129032258064516 0.0125 0.019851116625310174
0 0.0796875 0.8858560794044665 0.0125 0.02481389578163772
0 0.0609375 0.9007444168734491 0.0125 0.022332506203473945
0 0.0921875 0.7791563275434243 0.021875 0.03722084367245657
0 0.43125 0.8858560794044665 0.015625 0.02481389578163772
0 0.5671875 0.967741935483871 0.0234375 0.02729528535980149
0 0.5390625 0.08684863523573201 0.0171875 0.02481389578163772
0 0.5390625 0.062034739454094295 0.0140625 0.019851116625310174
0 0.6953125 0.21339950372208435 0.01875 0.02481389578163772
0 0.7109375 0.29528535980148884 0.01875 0.02977667493796526
0 0.6421875 0.7990074441687345 0.015625 0.02481389578163772
0 0.1671875 0.8411910669975186 0.015625 0.022332506203473945
0 0.0109375 0.9925558312655087 0.0171875 0.01240694789081886
0 0.0265625 0.8014888337468983 0.0125 0.022332506203473945
0 0.0625 0.062034739454094295 0.0140625 0.019851116625310174
0 0.934375 0.5806451612903226 0.015625 0.02729528535980149
0 0.884375 0.5955334987593052 0.0203125 0.02481389578163772
0 0.821875 0.6253101736972705 0.0109375 0.017369727047146403
0 0.80625 0.6029776674937966 0.0109375 0.01488833746898263
0 0.7765625 0.5533498759305211 0.0125 0.022332506203473945
0 0.8546875 0.858560794044665 0.0265625 0.03970223325062035
0 0.9078125 0.9776674937965261 0.021875 0.034739454094292806
0 0.978125 0.8213399503722084 0.0171875 0.02729528535980149
0 0.9125 0.6873449131513648 0.015625 0.022332506203473945
0 0.621875 0.5707196029776674 0.0125 0.017369727047146403
0 0.3359375 0.707196029776675 0.0171875 0.02481389578163772
0 0.4609375 0.9578163771712159 0.0109375 0.017369727047146403
0 0.7703125 0.7468982630272953 0.0140625 0.02481389578163772
0 0.8234375 0.009925558312655087 0.0125 0.017369727047146403
0 0.8640625 0.034739454094292806 0.0109375 0.019851116625310174
0 0.8671875 0.10421836228287841 0.0125 0.022332506203473945
0 0.89375 0.1588089330024814 0.0140625 0.022332506203473945
0 0.83125 0.3176178660049628 0.015625 0.022332506203473945
0 0.78125 0.20099255583126552 0.015625 0.022332506203473945
0 0.584375 0.3920595533498759 0.0140625 0.019851116625310174
0 0.8734375 0.4143920595533499 0.0125 0.019851116625310174
0 0.865625 0.4441687344913151 0.0171875 0.02977667493796526
0 0.8546875 0.4218362282878412 0.0109375 0.019851116625310174
0 0.8609375 0.3945409429280397 0.0171875 0.02481389578163772
0 0.8671875 0.34491315136476425 0.01875 0.03722084367245657
0 0.846875 0.34491315136476425 0.0140625 0.022332506203473945
0 0.84375 0.3200992555831266 0.0078125 0.01240694789081886
0 0.78125 0.2729528535980149 0.0109375 0.01488833746898263
0 0.625 0.19851116625310175 0.0125 0.017369727047146403
0 0.5859375 0.5409429280397022 0.0125 0.017369727047146403
0 0.65625 0.45409429280397023 0.0109375 0.022332506203473945
0 0.64375 0.4466501240694789 0.0140625 0.019851116625310174
0 0.075 0.01240694789081886 0.0171875 0.022332506203473945
0 0.0234375 0.03970223325062035 0.015625 0.02729528535980149
0 0.590625 0.1315136476426799 0.0125 0.02481389578163772
0 0.1546875 0.6625310173697271 0.0140625 0.019851116625310174
0 0.2984375 0.5235732009925558 0.0140625 0.01488833746898263
0 0.34375 0.5409429280397022 0.015625 0.019851116625310174
0 0.153125 0.71712158808933 0.0109375 0.017369727047146403
0 0.9796875 0.652605459057072 0.025 0.04218362282878412
0 0.9265625 0.5136476426799007 0.015625 0.022332506203473945
0 0.9484375 0.5012406947890818 0.0140625 0.022332506203473945
0 0.9515625 0.5260545905707196 0.0125 0.017369727047146403
0 0.9390625 0.6699751861042184 0.0109375 0.017369727047146403
0 0.5203125 0.8511166253101737 0.03125 0.04714640198511166
0 0.390625 0.7990074441687345 0.05625 0.0794044665012407
0 0.2984375 0.7245657568238213 0.0359375 0.05707196029776675
0 0.4 0.337468982630273 0.0109375 0.019851116625310174