0 0.5078125 0.35384615384615387 0.121875 0.1423076923076923
0 0.4484375 0.6923076923076923 0.146875 0.1673076923076923
0 0.2703125 0.43653846153846154 0.1015625 0.11346153846153846
0 0.2 0.33076923076923076 0.0765625 0.09230769230769231
0 0.15 0.19615384615384615 0.078125 0.10192307692307692
0 0.2140625 0.20576923076923076 0.040625 0.08461538461538462
0 0.15 0.09230769230769231 0.078125 0.07884615384615384
0 0.340625 0.9509615384615384 0.078125 0.09807692307692308
0 0.2578125 0.9653846153846154 0.0375 0.046153846153846156
0 0.0546875 0.9057692307692308 0.0375 0.05
0 0.4609375 0.9846153846153847 0.0203125 0.026923076923076925
0 0.6390625 0.9673076923076923 0.025 0.03076923076923077
0 0.5734375 0.8826923076923077 0.1046875 0.13076923076923078
0 0.4546875 0.925 0.015625 0.023076923076923078
0 0.0359375 0.5115384615384615 0.025 0.026923076923076925
0 0.05 0.25384615384615383 0.0328125 0.03653846153846154
0 0.09375 0.3576923076923077 0.0203125 0.023076923076923078
0 0.0203125 0.2980769230769231 0.0125 0.019230769230769232
0 0.340625 0.25 0.05625 0.06153846153846154
0 0.7375 0.5538461538461539 0.0796875 0.09230769230769231
0 0.853125 0.7211538461538461 0.04375 0.05576923076923077
0 0.8 0.8076923076923077 0.028125 0.032692307692307694
0 0.8640625 0.8615384615384616 0.0265625 0.03461538461538462
0 0.8953125 0.8615384615384616 0.03125 0.04038461538461539
0 0.90625 0.9557692307692308 0.06875 0.07692307692307693
0 0.646875 0.2153846153846154 0.0546875 0.06923076923076923
0 0.88125 0.20961538461538462 0.025 0.025
0 0.9234375 0.20961538461538462 0.0171875 0.025
0 0.9421875 0.2653846153846154 0.0203125 0.026923076923076925
0 0.975 0.39615384615384613 0.040625 0.04423076923076923
0 0.6890625 0.24615384615384617 0.0171875 0.021153846153846155
0 0.7203125 0.25 0.015625 0.019230769230769232
0 0.8078125 0.45576923076923076 0.01875 0.025
0 0.9765625 0.7269230769230769 0.0265625 0.03076923076923077
0 0.6015625 0.5211538461538462 0.0203125 0.028846153846153848
0 0.578125 0.6634615384615384 0.0171875 0.025
0 0.65625 0.6038461538461538 0.015625 0.021153846153846155
0 0.6390625 0.6096153846153847 0.021875 0.026923076923076925
0 0.578125 0.6615384615384615 0.01875 0.028846153846153848
0 0.575 0.725 0.01875 0.023076923076923078
0 0.5875 0.7826923076923077 0.0421875 0.05
0 0.6609375 0.7153846153846154 0.0203125 0.028846153846153848
0 0.6296875 0.7423076923076923 0.015625 0.021153846153846155
0 0.2453125 0.07692307692307693 0.0328125 0.03461538461538462
0 0.20625 0.12115384615384615 0.021875 0.026923076923076925
0 0.2375 0.015384615384615385 0.025 0.03076923076923077
0 0.328125 0.057692307692307696 0.01875 0.025
0 0.4015625 0.10961538461538461 0.015625 0.023076923076923078
0 0.434375 0.10384615384615385 0.034375 0.05384615384615385
0 0.8859375 0.009615384615384616 0.04375 0.019230769230769232
0 0.6 0.007692307692307693 0.0390625 0.015384615384615385
0 0.6890625 0.028846153846153848 0.0265625 0.032692307692307694
0 0.628125 0.07115384615384615 0.0171875 0.025
0 0.6828125 0.075 0.0203125 0.021153846153846155
0 0.65 0.16538461538461538 0.01875 0.021153846153846155
0 0.9671875 0.2173076923076923 0.0140625 0.01730769230769231
0 0.975 0.5769230769230769 0.0140625 0.028846153846153848
0 0.99375 0.4653846153846154 0.0125 0.019230769230769232
0 0.3609375 0.8076923076923077 0.165625 0.20961538461538462
0 0.3078125 0.6019230769230769 0.1234375 0.12692307692307692
0 0.303125 0.6846153846153846 0.071875 0.08269230769230769
0 0.1859375 0.40384615384615385 0.0515625 0.07115384615384615
0 0.215625 0.5403846153846154 0.0484375 0.06538461538461539
0 0.36875 0.36538461538461536 0.021875 0.019230769230769232
0 0.375 0.4576923076923077 0.0140625 0.021153846153846155
0 0.3484375 0.5115384615384615 0.01875 0.021153846153846155
0 0.321875 0.5019230769230769 0.0203125 0.023076923076923078
0 0.4875 0.5346153846153846 0.0203125 0.021153846153846155
0 0.434375 0.5403846153846154 0.0203125 0.021153846153846155
0 0.5296875 0.48846153846153845 0.0171875 0.023076923076923078
0 0.5 0.45 0.015625 0.019230769230769232
0 0.6328125 0.325 0.01875 0.019230769230769232
0 0.6609375 0.36730769230769234 0.0140625 0.01730769230769231
0 0.93125 0.525 0.0203125 0.023076923076923078
0 0.8078125 0.8711538461538462 0.01875 0.025
0 0.675 0.6730769230769231 0.0140625 0.019230769230769232
0 0.6984375 0.6307692307692307 0.015625 0.021153846153846155
0 0.6359375 0.49423076923076925 0.0109375 0.013461538461538462
0 0.6984375 0.48846153846153845 0.0171875 0.01730769230769231
0 0.5203125 0.17884615384615385 0.0234375 0.03076923076923077
0 0.428125 0.27692307692307694 0.025 0.023076923076923078
0 0.5 0.26153846153846155 0.0140625 0.01730769230769231
0 0.3609375 0.4096153846153846 0.015625 0.015384615384615385
0 0.4796875 0.051923076923076926 0.015625 0.019230769230769232
0 0.434375 0.019230769230769232 0.0296875 0.03076923076923077
0 0.8953125 0.04230769230769231 0.0203125 0.025
0 0.775 0.2923076923076923 0.0171875 0.021153846153846155
0 0.784375 0.2 0.01875 0.019230769230769232
0 0.5328125 0.14423076923076922 0.0109375 0.013461538461538462
0 0.478125 0.15 0.0109375 0.013461538461538462
0 0.596875 0.11923076923076924 0.0171875 0.019230769230769232
0 0.5234375 0.13076923076923078 0.0078125 0.011538461538461539
0 0.4140625 0.22692307692307692 0.009375 0.011538461538461539
0 0.403125 0.20961538461538462 0.009375 0.009615384615384616
0 0.434375 0.13846153846153847 0.009375 0.011538461538461539
0 0.5609375 0.12884615384615383 0.0125 0.015384615384615385
0 0.5515625 0.1 0.0078125 0.013461538461538462
0 0.971875 0.8692307692307693 0.0078125 0.013461538461538462
0 0.98125 0.8442307692307692 0.0109375 0.013461538461538462
0 0.4859375 0.9076923076923077 0.0109375 0.011538461538461539
0 0.509375 0.8846153846153846 0.0109375 0.013461538461538462
0 0.54375 0.9730769230769231 0.0125 0.015384615384615385
0 0.521875 0.9788461538461538 0.0109375 0.011538461538461539
0 0.6328125 0.8884615384615384 0.0125 0.019230769230769232
0 0.715625 0.6826923076923077 0.0140625 0.01730769230769231
0 0.7390625 0.7403846153846154 0.0140625 0.019230769230769232
0 0.765625 0.8096153846153846 0.0109375 0.015384615384615385
0 0.859375 0.3576923076923077 0.0109375 0.013461538461538462
0 0.971875 0.1673076923076923 0.0109375 0.011538461538461539
0 0.9734375 0.18461538461538463 0.00625 0.007692307692307693
0 0.0265625 0.38076923076923075 0.009375 0.013461538461538462
0 0.009375 0.057692307692307696 0.0125 0.015384615384615385
0 0.0734375 0.05 0.0140625 0.013461538461538462
0 0.0890625 0.2076923076923077 0.015625 0.021153846153846155
0 0.059375 0.2173076923076923 0.021875 0.026923076923076925
0 0.2546875 0.2403846153846154 0.0171875 0.019230769230769232
0 0.2296875 0.25384615384615383 0.0140625 0.021153846153846155
0 0.265625 0.26346153846153847 0.0109375 0.013461538461538462
0 0.2265625 0.7423076923076923 0.0125 0.01730769230769231
0 0.234375 0.7788461538461539 0.0109375 0.01730769230769231
0 0.2078125 0.6269230769230769 0.00625 0.009615384615384616
0 0.1671875 0.6846153846153846 0.009375 0.011538461538461539
0 0.1625 0.5153846153846153 0.0140625 0.01730769230769231
0 0.11875 0.38846153846153847 0.0125 0.015384615384615385
0 0.14375 0.3596153846153846 0.0140625 0.01730769230769231
0 0.13125 0.38076923076923075 0.0109375 0.019230769230769232
0 0.1203125 0.25384615384615383 0.0234375 0.03076923076923077