0 0.6125 0.8615384615384616 0.1921875 0.225
0 0.578125 0.475 0.103125 0.11153846153846154
0 0.784375 0.6096153846153847 0.11875 0.13846153846153847
0 0.9765625 0.38846153846153847 0.046875 0.21346153846153845
0 0.765625 0.20384615384615384 0.05625 0.06923076923076923
0 0.2390625 0.55 0.084375 0.1326923076923077
0 0.3109375 0.38076923076923075 0.08125 0.08846153846153847
0 0.4390625 0.12884615384615383 0.05625 0.05576923076923077
0 0.5484375 0.1519230769230769 0.040625 0.04807692307692308
0 0.3859375 0.13076923076923078 0.0328125 0.04230769230769231
0 0.128125 0.7673076923076924 0.0390625 0.04807692307692308
0 0.278125 0.8211538461538461 0.0375 0.04423076923076923
0 0.253125 0.7576923076923077 0.0296875 0.03461538461538462
0 0.15 0.5673076923076923 0.01875 0.025
0 0.125 0.6519230769230769 0.015625 0.01730769230769231
0 0.184375 0.6173076923076923 0.0171875 0.019230769230769232
0 0.29375 0.6461538461538462 0.0265625 0.032692307692307694
0 0.325 0.6961538461538461 0.025 0.032692307692307694
0 0.3484375 0.5365384615384615 0.01875 0.023076923076923078
0 0.384375 0.6634615384615384 0.0171875 0.021153846153846155
0 0.3328125 0.7346153846153847 0.0171875 0.023076923076923078
0 0.421875 0.8596153846153847 0.01875 0.021153846153846155
0 0.25625 0.8557692307692307 0.0140625 0.023076923076923078
0 0.1125 0.8673076923076923 0.0140625 0.015384615384615385
0 0.1609375 0.20192307692307693 0.0125 0.01730769230769231
0 0.1421875 0.16346153846153846 0.0140625 0.015384615384615385
0 0.4125 0.025 0.021875 0.023076923076923078
0 0.4671875 0.25384615384615383 0.0296875 0.032692307692307694
0 0.384375 0.18076923076923077 0.015625 0.01730769230769231
0 0.2296875 0.4288461538461538 0.028125 0.05
0 0.7140625 0.36153846153846153 0.1671875 0.17307692307692307
0 0.6515625 0.40192307692307694 0.028125 0.03461538461538462
0 0.709375 0.4596153846153846 0.0265625 0.03076923076923077
0 0.50625 0.5269230769230769 0.0203125 0.023076923076923078
0 0.446875 0.65 0.0296875 0.03076923076923077
0 0.45625 0.7346153846153847 0.015625 0.021153846153846155
0 0.5203125 0.7173076923076923 0.021875 0.021153846153846155
0 0.515625 0.7961538461538461 0.0171875 0.023076923076923078
0 0.565625 0.7288461538461538 0.015625 0.019230769230769232
0 0.5875 0.6211538461538462 0.015625 0.023076923076923078
0 0.70625 0.5326923076923077 0.0234375 0.03461538461538462
0 0.38125 0.5807692307692308 0.0265625 0.03076923076923077
0 0.46875 0.34807692307692306 0.034375 0.04230769230769231
0 0.6484375 0.1423076923076923 0.021875 0.025
0 0.6671875 0.14615384615384616 0.0140625 0.019230769230769232
0 0.65 0.10192307692307692 0.0203125 0.023076923076923078
0 0.671875 0.0673076923076923 0.021875 0.025
0 0.75625 0.07884615384615384 0.01875 0.023076923076923078
0 0.878125 0.22884615384615384 0.01875 0.021153846153846155
0 0.9828125 0.23461538461538461 0.025 0.038461538461538464
0 0.95625 0.1596153846153846 0.01875 0.025
0 0.9890625 0.16923076923076924 0.015625 0.019230769230769232
0 0.959375 0.31153846153846154 0.0109375 0.01730769230769231
0 0.890625 0.6115384615384616 0.025 0.026923076923076925
0 0.9078125 0.525 0.0296875 0.03653846153846154
0 0.8796875 0.49615384615384617 0.015625 0.01730769230769231
0 0.934375 0.5365384615384615 0.0140625 0.01730769230769231
0 0.9140625 0.5576923076923077 0.0125 0.01730769230769231
0 0.9203125 0.5653846153846154 0.015625 0.013461538461538462
0 0.9703125 0.5884615384615385 0.03125 0.04423076923076923
0 0.9484375 0.6480769230769231 0.0265625 0.03461538461538462
0 0.6515625 0.6173076923076923 0.015625 0.01730769230769231
0 0.6921875 0.725 0.0109375 0.01730769230769231
0 0.7796875 0.7884615384615384 0.0171875 0.025
0 0.8078125 0.7673076923076924 0.0265625 0.03461538461538462
0 0.815625 0.8115384615384615 0.040625 0.04038461538461539
0 0.8734375 0.8173076923076923 0.0453125 0.05384615384615385
0 0.896875 0.7942307692307692 0.0171875 0.021153846153846155
0 0.8296875 0.8673076923076923 0.0203125 0.026923076923076925
0 0.8375 0.8461538461538461 0.0109375 0.01730769230769231
0 0.875 0.9596153846153846 0.0203125 0.025
0 0.896875 0.948076923076923 0.0140625 0.015384615384615385
0 0.984375 0.9788461538461538 0.028125 0.038461538461538464
0 0.9296875 0.7519230769230769 0.05625 0.0673076923076923
0 0.9015625 0.9038461538461539 0.0171875 0.021153846153846155
0 0.9640625 0.7057692307692308 0.0328125 0.04230769230769231
0 0.9890625 0.7884615384615384 0.021875 0.026923076923076925