0 0.43125 0.7621832358674464 0.13125 0.15009746588693956
0 0.1515625 0.35282651072124754 0.046875 0.050682261208576995
0 0.1078125 0.2651072124756335 0.028125 0.03898635477582846
0 0.61875 0.3586744639376218 0.08125 0.0935672514619883
0 0.6609375 0.4191033138401559 0.01875 0.021442495126705652
0 0.6359375 0.31773879142300193 0.0109375 0.011695906432748537
0 0.6546875 0.3138401559454191 0.00625 0.005847953216374269
0 0.5921875 0.3255360623781676 0.009375 0.009746588693957114
0 0.75625 0.3060428849902534 0.05 0.050682261208576995
0 0.834375 0.4346978557504873 0.046875 0.07017543859649122
0 0.9203125 0.4405458089668616 0.0203125 0.023391812865497075
0 0.925 0.48148148148148145 0.021875 0.02729044834307992
0 0.9390625 0.49122807017543857 0.0078125 0.009746588693957114
0 0.6984375 0.7543859649122807 0.103125 0.10721247563352826
0 0.5359375 0.8070175438596491 0.059375 0.07797270955165692
0 0.546875 0.621832358674464 0.0375 0.04483430799220273
0 0.303125 0.18323586744639375 0.0484375 0.056530214424951264
0 0.4359375 0.06627680311890838 0.046875 0.056530214424951264
0 0.3828125 0.07017543859649122 0.0265625 0.03313840155945419
0 0.309375 0.042884990253411304 0.0546875 0.05847953216374269
0 0.4109375 0.5341130604288499 0.0828125 0.09746588693957114
0 0.4375 0.5594541910331384 0.015625 0.01949317738791423
0 0.5515625 0.4269005847953216 0.021875 0.02729044834307992
0 0.50625 0.391812865497076 0.0140625 0.023391812865497075
0 0.1734375 0.8810916179337231 0.084375 0.1364522417153996
0 0.1578125 0.935672514619883 0.025 0.025341130604288498
0 0.228125 0.8226120857699805 0.0375 0.050682261208576995
0 0.215625 0.7524366471734892 0.0140625 0.015594541910331383
0 0.0328125 0.7076023391812866 0.0484375 0.04678362573099415
0 0.0125 0.6549707602339181 0.025 0.06627680311890838
0 0.1296875 0.5614035087719298 0.021875 0.01949317738791423
0 0.2203125 0.5867446393762183 0.0140625 0.01364522417153996
0 0.15 0.7446393762183235 0.1 0.1286549707602339
0 0.29375 0.9649122807017544 0.0546875 0.06432748538011696
0 0.296875 0.9376218323586745 0.009375 0.01364522417153996
0 0.3328125 0.8908382066276803 0.028125 0.029239766081871343
0 0.3921875 0.9610136452241715 0.0234375 0.03508771929824561
0 0.4328125 0.8576998050682261 0.0265625 0.03508771929824561
0 0.628125 0.621832358674464 0.0359375 0.04093567251461988
0 0.978125 0.7699805068226121 0.0421875 0.08382066276803118
0 0.9140625 0.7933723196881092 0.05625 0.06432748538011696
0 0.85 0.7719298245614035 0.0578125 0.08187134502923976
0 0.84375 0.8070175438596491 0.025 0.02729044834307992
0 0.775 0.7251461988304093 0.028125 0.031189083820662766
0 0.9296875 0.5497076023391813 0.0203125 0.023391812865497075
0 0.8140625 0.8499025341130604 0.046875 0.05263157894736842
0 0.828125 0.8460038986354775 0.021875 0.023391812865497075
0 0.653125 0.834307992202729 0.03125 0.031189083820662766
0 0.63125 0.8615984405458089 0.025 0.025341130604288498
0 0.5734375 0.7290448343079922 0.021875 0.02729044834307992
0 0.5609375 0.723196881091618 0.0140625 0.01949317738791423
0 0.3109375 0.391812865497076 0.075 0.08966861598440545
0 0.7140625 0.17153996101364521 0.034375 0.05263157894736842
0 0.8328125 0.056530214424951264 0.0453125 0.06627680311890838
0 0.7640625 0.1793372319688109 0.025 0.02729044834307992
0 0.75 0.15204678362573099 0.0171875 0.025341130604288498
0 0.759375 0.056530214424951264 0.0140625 0.015594541910331383
0 0.875 0.2124756335282651 0.0296875 0.037037037037037035
0 0.9140625 0.24171539961013644 0.0203125 0.021442495126705652
0 0.8328125 0.20662768031189083 0.0125 0.01364522417153996
0 0.878125 0.13060428849902533 0.015625 0.029239766081871343
0 0.9421875 0.2826510721247563 0.034375 0.042884990253411304
0 0.8765625 0.3157894736842105 0.01875 0.01949317738791423
0 0.98125 0.24366471734892786 0.009375 0.01364522417153996
0 0.73125 0.39571150097465885 0.0234375 0.029239766081871343
0 0.403125 0.12085769980506822 0.0390625 0.04483430799220273
0 0.509375 0.1111111111111111 0.0609375 0.07797270955165692
0 0.5265625 0.13255360623781676 0.0265625 0.037037037037037035
0 0.5765625 0.11695906432748537 0.01875 0.025341130604288498
0 0.625 0.2124756335282651 0.0265625 0.042884990253411304
0 0.63125 0.19883040935672514 0.0109375 0.01364522417153996
0 0.7015625 0.2222222222222222 0.015625 0.017543859649122806
0 0.778125 0.2202729044834308 0.0140625 0.017543859649122806
0 0.7375 0.24561403508771928 0.0125 0.01364522417153996
0 0.7171875 0.21052631578947367 0.0109375 0.01364522417153996
0 0.8609375 0.33528265107212474 0.0109375 0.01364522417153996
0 0.896875 0.37037037037037035 0.0125 0.011695906432748537
0 0.8921875 0.4093567251461988 0.021875 0.03508771929824561
0 0.9890625 0.4444444444444444 0.0171875 0.01949317738791423
0 0.9515625 0.4678362573099415 0.0140625 0.021442495126705652
0 0.9640625 0.47368421052631576 0.0125 0.015594541910331383
0 0.9546875 0.39766081871345027 0.0125 0.01364522417153996
0 0.9953125 0.33723196881091616 0.0078125 0.01364522417153996
0 0.9328125 0.31189083820662766 0.0109375 0.01364522417153996
0 0.790625 0.30214424951267055 0.0125 0.015594541910331383
0 0.825 0.3742690058479532 0.0125 0.01949317738791423
0 0.853125 0.3586744639376218 0.0109375 0.017543859649122806
0 0.775 0.39766081871345027 0.0171875 0.029239766081871343
0 0.784375 0.40350877192982454 0.00625 0.007797270955165692
0 0.7828125 0.5224171539961013 0.0703125 0.14230019493177387
0 0.8609375 0.6588693957115009 0.0171875 0.023391812865497075
0 0.94375 0.6900584795321637 0.015625 0.02729044834307992
0 0.9953125 0.6666666666666666 0.009375 0.017543859649122806
0 0.0859375 0.8284600389863548 0.0203125 0.03508771929824561
0 0.1078125 0.8304093567251462 0.01875 0.01949317738791423
0 0.0890625 0.898635477582846 0.015625 0.01949317738791423
0 0.1046875 0.9200779727095516 0.021875 0.03898635477582846
0 0.046875 0.9415204678362573 0.015625 0.021442495126705652
0 0.0328125 0.9883040935672515 0.021875 0.023391812865497075
0 0.015625 0.9649122807017544 0.0171875 0.023391812865497075
0 0.025 0.9298245614035088 0.0109375 0.015594541910331383
0 0.153125 0.6432748538011696 0.015625 0.023391812865497075
0 0.121875 0.6530214424951267 0.0109375 0.015594541910331383
0 0.0671875 0.46588693957115007 0.0265625 0.03313840155945419
0 0.1421875 0.47953216374269003 0.0296875 0.03898635477582846
0 0.5453125 0.3840155945419103 0.04375 0.05847953216374269
0 0.534375 0.4093567251461988 0.0125 0.015594541910331383
0 0.528125 0.47173489278752434 0.0140625 0.01949317738791423
0 0.46875 0.5399610136452242 0.0203125 0.031189083820662766
0 0.4609375 0.5126705653021443 0.0109375 0.011695906432748537
0 0.5234375 0.5243664717348928 0.0125 0.017543859649122806
0 0.5046875 0.5419103313840156 0.0078125 0.011695906432748537
0 0.5078125 0.530214424951267 0.009375 0.015594541910331383
0 0.74375 0.4775828460038986 0.009375 0.01364522417153996