0 0.365625 0.5321100917431193 0.115625 0.16972477064220184
0 0.9609375 0.3394495412844037 0.0765625 0.22477064220183487
0 0.534375 0.27293577981651373 0.1359375 0.23853211009174313
0 0.046875 0.35091743119266056 0.0484375 0.0779816513761468
0 0.265625 0.6077981651376146 0.165625 0.33715596330275227
0 0.28125 0.2798165137614679 0.1640625 0.2798165137614679
0 0.090625 0.1628440366972477 0.128125 0.2706422018348624
0 0.3015625 0.11238532110091744 0.065625 0.0779816513761468
0 0.565625 0.6743119266055045 0.0609375 0.09862385321100918
0 0.04375 0.6123853211009175 0.0859375 0.18807339449541285
0 0.3953125 0.8876146788990825 0.0328125 0.04128440366972477
0 0.4109375 0.6995412844036697 0.0375 0.06651376146788991
0 0.5953125 0.5022935779816514 0.0390625 0.045871559633027525
0 0.95625 0.7522935779816514 0.053125 0.06880733944954129
0 0.603125 0.9013761467889908 0.0328125 0.05963302752293578
0 0.4984375 0.9357798165137615 0.03125 0.045871559633027525
0 0.4671875 0.9036697247706422 0.0265625 0.04357798165137615
0 0.4625 0.9678899082568807 0.0140625 0.02981651376146789
0 0.5046875 0.7844036697247706 0.0265625 0.009174311926605505
0 0.6046875 0.19036697247706422 0.0375 0.0963302752293578
0 0.5484375 0.11238532110091744 0.0265625 0.02981651376146789
0 0.8765625 0.536697247706422 0.0296875 0.045871559633027525
0 0.7390625 0.06880733944954129 0.0296875 0.027522935779816515
0 0.8328125 0.05963302752293578 0.034375 0.05504587155963303
0 0.2125 0.11467889908256881 0.025 0.0389908256880734
0 0.4765625 0.027522935779816515 0.0765625 0.05504587155963303
0 0.5734375 0.06192660550458716 0.0421875 0.05504587155963303
0 0.6484375 0.3738532110091743 0.025 0.03669724770642202
0 0.7234375 0.3119266055045872 0.025 0.05045871559633028
0 0.7671875 0.6857798165137615 0.040625 0.06192660550458716
0 0.8953125 0.944954128440367 0.0375 0.04128440366972477
0 0.8453125 0.8967889908256881 0.0375 0.05045871559633028
0 0.971875 0.9713302752293578 0.05625 0.05733944954128441
0 0.6078125 0.8348623853211009 0.0828125 0.14908256880733944
0 0.6046875 0.4426605504587156 0.0421875 0.045871559633027525
0 0.7140625 0.6857798165137615 0.028125 0.045871559633027525
0 0.840625 0.5619266055045872 0.0265625 0.034403669724770644
0 0.1875 0.13302752293577982 0.0265625 0.0389908256880734