0 0.903125 0.38904899135446686 0.1921875 0.4207492795389049
0 0.171875 0.7636887608069164 0.06875 0.10951008645533142
0 0.1828125 0.43804034582132567 0.01875 0.03170028818443804
0 0.0375 0.8328530259365994 0.021875 0.040345821325648415
0 0.14375 0.3573487031700288 0.01875 0.02881844380403458
0 0.165625 0.08357348703170028 0.0234375 0.040345821325648415
0 0.1484375 0.043227665706051875 0.0140625 0.023054755043227664
0 0.7125 0.8760806916426513 0.0328125 0.069164265129683
0 0.6578125 0.547550432276657 0.0234375 0.037463976945244955
0 0.54375 0.6801152737752162 0.0359375 0.05475504322766571
0 0.5140625 0.6138328530259366 0.021875 0.040345821325648415
0 0.4453125 0.553314121037464 0.0171875 0.025936599423631124
0 0.5765625 0.138328530259366 0.046875 0.06340057636887608
0 0.6140625 0.05187319884726225 0.053125 0.08069164265129683
0 0.63125 0.05475504322766571 0.0140625 0.025936599423631124
0 0.8328125 0.9567723342939481 0.021875 0.040345821325648415
0 0.940625 0.5734870317002881 0.015625 0.025936599423631124
0 0.875 0.7348703170028819 0.009375 0.023054755043227664
0 0.85 0.7723342939481268 0.015625 0.025936599423631124
0 0.9515625 0.7463976945244957 0.0109375 0.025936599423631124
0 0.9703125 0.7463976945244957 0.0140625 0.020172910662824207
0 0.9796875 0.6368876080691642 0.025 0.043227665706051875
0 0.7796875 0.7089337175792507 0.009375 0.01440922190201729
0 0.909375 0.8876080691642652 0.0109375 0.020172910662824207
0 0.8921875 0.8472622478386167 0.0109375 0.023054755043227664
0 0.934375 0.9250720461095101 0.0140625 0.02881844380403458
0 0.9515625 0.9711815561959655 0.0125 0.020172910662824207
0 0.8484375 0.6829971181556196 0.025 0.04899135446685879
0 0.8890625 0.6801152737752162 0.0234375 0.040345821325648415
0 0.7734375 0.5821325648414986 0.028125 0.043227665706051875
0 0.990625 0.6974063400576369 0.0078125 0.01440922190201729
0 0.9921875 0.622478386167147 0.0109375 0.01729106628242075
0 0.225 0.7146974063400576 0.0203125 0.02881844380403458
0 0.196875 0.6685878962536023 0.0140625 0.025936599423631124
0 0.3234375 0.34870317002881845 0.0140625 0.025936599423631124
0 0.278125 0.06340057636887608 0.0140625 0.025936599423631124
0 0.3046875 0.07204610951008646 0.009375 0.01729106628242075
0 0.315625 0.8818443804034583 0.0171875 0.03170028818443804
0 0.2921875 0.9193083573487032 0.0171875 0.02881844380403458
0 0.303125 0.9365994236311239 0.0078125 0.01729106628242075
0 0.29375 0.8587896253602305 0.009375 0.01729106628242075
0 0.6234375 0.3227665706051873 0.015625 0.025936599423631124
0 0.678125 0.2507204610951009 0.0125 0.020172910662824207
0 0.7328125 0.2276657060518732 0.0125 0.023054755043227664
0 0.7484375 0.29394812680115273 0.0203125 0.040345821325648415
0 0.7984375 0.276657060518732 0.0125 0.02881844380403458
0 0.6828125 0.7636887608069164 0.0140625 0.025936599423631124
0 0.5859375 0.9106628242074928 0.009375 0.020172910662824207
0 0.525 0.9654178674351584 0.0125 0.020172910662824207
0 0.453125 0.9337175792507204 0.0109375 0.020172910662824207
0 0.5140625 0.9365994236311239 0.0125 0.020172910662824207
0 0.40625 0.8962536023054755 0.0140625 0.025936599423631124
0 0.5984375 0.25936599423631124 0.009375 0.01729106628242075
0 0.5578125 0.345821325648415 0.0109375 0.020172910662824207
0 0.2671875 0.7780979827089337 0.00625 0.011527377521613832
0 0.30625 0.7002881844380403 0.009375 0.011527377521613832
0 0.2984375 0.7175792507204611 0.0109375 0.020172910662824207
0 0.74375 0.6484149855907781 0.0171875 0.037463976945244955
0 0.7359375 0.5043227665706052 0.0125 0.020172910662824207
0 0.7734375 0.2132564841498559 0.0203125 0.037463976945244955
0 0.753125 0.21037463976945245 0.01875 0.03170028818443804
0 0.7265625 0.19596541786743515 0.0125 0.023054755043227664
0 0.6671875 0.3227665706051873 0.034375 0.06051873198847262
0 0.7296875 0.020172910662824207 0.0171875 0.025936599423631124
0 0.7171875 0.037463976945244955 0.0125 0.01729106628242075
0 0.7796875 0.037463976945244955 0.0234375 0.040345821325648415
0 0.765625 0.14985590778097982 0.015625 0.025936599423631124
0 0.7703125 0.1239193083573487 0.0140625 0.020172910662824207
0 0.7328125 0.16138328530259366 0.0125 0.020172910662824207
0 0.8546875 0.011527377521613832 0.0234375 0.020172910662824207
0 0.865625 0.08645533141210375 0.0125 0.020172910662824207
0 0.8671875 0.1873198847262248 0.0125 0.023054755043227664
0 0.8359375 0.21902017291066284 0.0078125 0.023054755043227664
0 0.9125 0.08357348703170028 0.0125 0.020172910662824207
0 0.9890625 0.09510086455331412 0.021875 0.06051873198847262
0 0.95 0.011527377521613832 0.0234375 0.01440922190201729
0 0.903125 0.008645533141210375 0.0171875 0.01440922190201729