0 0.8546875 0.8144927536231884 0.071875 0.11304347826086956
0 0.4578125 0.6318840579710145 0.0390625 0.0782608695652174
0 0.565625 0.6028985507246377 0.040625 0.08695652173913043
0 0.66875 0.42028985507246375 0.034375 0.05217391304347826
0 0.5109375 0.13043478260869565 0.03125 0.057971014492753624
0 0.55 0.19420289855072465 0.021875 0.04057971014492753
0 0.634375 0.0463768115942029 0.0890625 0.0927536231884058
0 0.8984375 0.34202898550724636 0.0328125 0.06376811594202898
0 0.259375 0.2492753623188406 0.121875 0.37681159420289856
0 0.1375 0.8 0.03125 0.057971014492753624
0 0.1328125 0.855072463768116 0.021875 0.03188405797101449
0 0.0765625 0.8405797101449275 0.01875 0.03188405797101449
0 0.378125 0.6666666666666666 0.184375 0.35942028985507246
0 0.484375 0.8869565217391304 0.053125 0.08985507246376812
0 0.96875 0.41739130434782606 0.0515625 0.08405797101449275
0 0.1078125 0.2144927536231884 0.0609375 0.09565217391304348
0 0.0328125 0.27246376811594203 0.03125 0.06376811594202898
0 0.15078125 0.9434782608695652 0.0796875 0.11304347826086956
0 0.0203125 0.9391304347826087 0.0390625 0.12173913043478261
0 0.1625 0.4956521739130435 0.0203125 0.028985507246376812
0 0.03125 0.34492753623188405 0.0203125 0.03768115942028986
0 0.1625 0.6840579710144927 0.05 0.06086956521739131
0 0.0625 0.4115942028985507 0.03125 0.043478260869565216
0 0.871875 0.9217391304347826 0.034375 0.06376811594202898
0 0.95625 0.8231884057971014 0.028125 0.06666666666666667
0 0.9890625 0.8492753623188406 0.021875 0.04057971014492753
0 0.9171875 0.9391304347826087 0.03125 0.05507246376811594
0 0.4828125 0.32463768115942027 0.0359375 0.08695652173913043
0 0.340625 0.33043478260869563 0.0328125 0.09565217391304348
0 0.35625 0.06086956521739131 0.0171875 0.04927536231884058
0 0.45 0.02318840579710145 0.0125 0.014492753623188406
0 0.4734375 0.0463768115942029 0.01875 0.034782608695652174
0 0.0703125 0.672463768115942 0.0109375 0.02318840579710145
0 0.325 0.9289855072463769 0.090625 0.14202898550724638
0 0.7515625 0.1391304347826087 0.0140625 0.02608695652173913
0 0.7078125 0.05217391304347826 0.01875 0.02318840579710145
0 0.7734375 0.1072463768115942 0.021875 0.034782608695652174
0 0.8265625 0.5420289855072464 0.015625 0.03188405797101449
0 0.7765625 0.6086956521739131 0.015625 0.028985507246376812
0 0.66875 0.4956521739130435 0.040625 0.06376811594202898
0 0.159375 0.15072463768115943 0.021875 0.04057971014492753
0 0.390625 0.4666666666666667 0.0140625 0.03768115942028986
0 0.0703125 0.12173913043478261 0.0390625 0.04927536231884058
0 0.0484375 0.17101449275362318 0.028125 0.05217391304347826
0 0.5609375 0.1246376811594203 0.01875 0.04057971014492753
0 0.6015625 0.2782608695652174 0.0140625 0.03188405797101449
0 0.05 0.7565217391304347 0.028125 0.0463768115942029
0 0.053125 0.808695652173913 0.0171875 0.034782608695652174
0 0.165625 0.4492753623188406 0.03125 0.0463768115942029
0 0.221875 0.463768115942029 0.0234375 0.05217391304347826
0 0.2203125 0.518840579710145 0.0234375 0.02608695652173913
0 0.115625 0.07536231884057971 0.0203125 0.02608695652173913
0 0.7578125 0.26956521739130435 0.04375 0.10144927536231885
0 0.784375 0.35942028985507246 0.021875 0.043478260869565216
0 0.75 0.3739130434782609 0.0234375 0.03768115942028986
0 0.428125 0.3681159420289855 0.0265625 0.02608695652173913
0 0.85 0.08985507246376812 0.0625 0.1536231884057971
0 0.9 0.6028985507246377 0.0234375 0.07246376811594203
0 0.840625 0.6869565217391305 0.01875 0.028985507246376812
0 0.63828125 0.9782608695652174 0.0390625 0.043478260869565216
0 0.56328125 0.9608695652173913 0.0796875 0.0782608695652174
0 0.5296875 0.46956521739130436 0.0265625 0.043478260869565216
0 0.584375 0.34782608695652173 0.0171875 0.02318840579710145
0 0.6046875 0.5826086956521739 0.0171875 0.034782608695652174
0 0.6765625 0.6318840579710145 0.028125 0.06086956521739131
0 0.8171875 0.8956521739130435 0.0140625 0.02608695652173913
0 0.803125 0.9159420289855073 0.0125 0.02608695652173913
0 0.7890625 0.8318840579710145 0.0140625 0.034782608695652174
0 0.7984375 0.7797101449275362 0.0125 0.03768115942028986
0 0.8 0.5304347826086957 0.0171875 0.0463768115942029
0 0.665625 0.25217391304347825 0.0109375 0.020289855072463767
0 0.7640625 0.42028985507246375 0.015625 0.028985507246376812
0 0.8078125 0.40869565217391307 0.0125 0.02318840579710145
0 0.909375 0.4318840579710145 0.0125 0.028985507246376812
0 0.3859375 0.48985507246376814 0.0125 0.02318840579710145
0 0.3921875 0.2811594202898551 0.0078125 0.020289855072463767
0 0.3359375 0.3710144927536232 0.0125 0.020289855072463767
0 0.3359375 0.2927536231884058 0.0109375 0.017391304347826087
0 0.321875 0.4115942028985507 0.015625 0.034782608695652174
0 0.2625 0.4608695652173913 0.0140625 0.020289855072463767
0 0.9734375 0.2608695652173913 0.0109375 0.020289855072463767
0 0.9125 0.2463768115942029 0.0125 0.02318840579710145
0 0.9921875 0.744927536231884 0.015625 0.043478260869565216
0 0.98125 0.7739130434782608 0.021875 0.034782608695652174
0 0.9703125 0.8869565217391304 0.0109375 0.020289855072463767
0 0.865625 0.9710144927536232 0.0171875 0.02318840579710145
0 0.825 0.9884057971014493 0.0078125 0.020289855072463767
0 0.79375 0.9536231884057971 0.0140625 0.02608695652173913
0 0.740625 0.8753623188405797 0.1046875 0.23478260869565218
0 0.7078125 0.7391304347826086 0.015625 0.02318840579710145
0 0.73125 0.736231884057971 0.0125 0.02608695652173913
0 0.7140625 0.591304347826087 0.0171875 0.028985507246376812
0 0.6453125 0.5855072463768116 0.0375 0.07246376811594203
0 0.6765625 0.5652173913043478 0.0109375 0.017391304347826087
0 0.6640625 0.5362318840579711 0.0125 0.02318840579710145
0 0.753125 0.6057971014492753 0.0359375 0.07246376811594203
0 0.78125 0.6463768115942029 0.0328125 0.06086956521739131
0 0.740625 0.7072463768115942 0.034375 0.05507246376811594
0 0.865625 0.6289855072463768 0.0328125 0.06376811594202898
0 0.803125 0.5768115942028985 0.009375 0.017391304347826087
0 0.6828125 0.2492753623188406 0.009375 0.017391304347826087
0 0.6796875 0.11014492753623188 0.0140625 0.020289855072463767
0 0.7421875 0.1072463768115942 0.021875 0.034782608695652174
0 0.9296875 0.06956521739130435 0.0234375 0.043478260869565216
0 0.9140625 0.03768115942028986 0.0234375 0.04057971014492753
0 0.3921875 0.06376811594202898 0.0078125 0.017391304347826087
0 0.03125 0.22318840579710145 0.015625 0.02608695652173913
0 0.0671875 0.21739130434782608 0.015625 0.028985507246376812
0 0.05 0.24057971014492754 0.0140625 0.02318840579710145
0 0.0953125 0.04927536231884058 0.046875 0.08115942028985507
0 0.125 0.1536231884057971 0.0140625 0.02608695652173913
0 0.11875 0.3507246376811594 0.009375 0.017391304347826087
0 0.0984375 0.463768115942029 0.0125 0.02318840579710145
0 0.1078125 0.4753623188405797 0.01875 0.034782608695652174
0 0.09375 0.5652173913043478 0.0203125 0.0463768115942029
0 0.0046875 0.5043478260869565 0.0078125 0.017391304347826087
0 0.0296875 0.020289855072463767 0.0296875 0.04057971014492753
0 0.10625 0.8028985507246377 0.0234375 0.0463768115942029
0 0.2609375 0.7913043478260869 0.0125 0.020289855072463767
0 0.2609375 0.9101449275362319 0.0078125 0.017391304347826087
0 0.2734375 0.9217391304347826 0.0078125 0.014492753623188406
0 0.159375 0.7275362318840579 0.0109375 0.020289855072463767
0 0.1484375 0.7768115942028986 0.0125 0.02318840579710145
0 0.0296875 0.7014492753623188 0.009375 0.020289855072463767
0 0.240625 0.5449275362318841 0.0140625 0.02608695652173913
0 0.34375 0.46956521739130436 0.0125 0.02608695652173913
0 0.4171875 0.47246376811594204 0.015625 0.02608695652173913
0 0.4875 0.13623188405797101 0.015625 0.02608695652173913
0 0.6921875 0.20579710144927535 0.0109375 0.020289855072463767
0 0.8015625 0.23768115942028986 0.040625 0.0927536231884058
0 0.8046875 0.4434782608695652 0.01875 0.034782608695652174
0 0.828125 0.5130434782608696 0.0078125 0.017391304347826087
0 0.9859375 0.5130434782608696 0.0109375 0.020289855072463767
0 0.99375 0.5826086956521739 0.009375 0.02318840579710145
0 0.9296875 0.46956521739130436 0.0109375 0.02318840579710145
0 0.959375 0.4666666666666667 0.0125 0.03188405797101449