0 0.20954003407155025 0.1796875 0.23850085178875638 0.25625
0 0.5110732538330494 0.565625 0.16695059625212946 0.1578125
0 0.787052810902896 0.403125 0.07325383304940375 0.0828125
0 0.2010221465076661 0.715625 0.15502555366269166 0.2296875
0 0.09028960817717206 0.725 0.04258943781942078 0.05
0 0.07325383304940375 0.934375 0.07836456558773425 0.071875
0 0.38671209540034074 0.715625 0.19591141396933562 0.2359375
0 0.31686541737649065 0.84375 0.08858603066439523 0.1140625
0 0.2879045996592845 0.8984375 0.04258943781942078 0.0671875
0 0.6626916524701874 0.8796875 0.1141396933560477 0.1703125
0 0.7240204429301533 0.9609375 0.034071550255536626 0.04375
0 0.9267461669505963 0.9 0.0817717206132879 0.1265625
0 0.8841567291311755 0.9625 0.022146507666098807 0.0296875
0 0.8262350936967632 0.6265625 0.030664395229982964 0.034375
0 0.8100511073253833 0.17578125 0.3798977853492334 0.3171875
0 0.5826235093696763 0.159375 0.044293015332197615 0.0546875
0 0.21124361158432708 0.3609375 0.054514480408858604 0.059375
0 0.252129471890971 0.4796875 0.034071550255536626 0.0375
0 0.29471890971039183 0.5828125 0.030664395229982964 0.03125
0 0.1890971039182283 0.521875 0.034071550255536626 0.03125
0 0.07155025553662692 0.4203125 0.02385008517887564 0.0328125
0 0.018739352640545145 0.3828125 0.017035775127768313 0.028125
0 0.030664395229982964 0.3375 0.018739352640545145 0.0265625
0 0.07495741056218058 0.3625 0.022146507666098807 0.01875
0 0.6678023850085179 0.54375 0.21976149914821125 0.321875
0 0.5792163543441227 0.73125 0.05110732538330494 0.0734375