0 0.3328125 0.32471264367816094 0.3375 0.603448275862069
0 0.25 0.05459770114942529 0.009375 0.017241379310344827
0 0.2171875 0.06321839080459771 0.0078125 0.020114942528735632
0 0.3421875 0.03735632183908046 0.0109375 0.017241379310344827
0 0.49375 0.08333333333333333 0.0125 0.022988505747126436
0 0.48125 0.10632183908045977 0.025 0.04885057471264368
0 0.5453125 0.14080459770114942 0.009375 0.022988505747126436
0 0.5546875 0.20977011494252873 0.0109375 0.02586206896551724
0 0.0515625 0.4224137931034483 0.0296875 0.05459770114942529
0 0.0859375 0.45977011494252873 0.0328125 0.06896551724137931
0 0.796875 0.382183908045977 0.025 0.05459770114942529
0 0.9390625 0.3649425287356322 0.121875 0.3045977011494253
0 0.8875 0.5431034482758621 0.025 0.04310344827586207
0 0.9265625 0.5086206896551724 0.0125 0.014367816091954023
0 0.978125 0.25 0.009375 0.020114942528735632
0 0.8546875 0.4425287356321839 0.0140625 0.028735632183908046
0 0.909375 0.6005747126436781 0.0125 0.02586206896551724
0 0.9390625 0.5919540229885057 0.01875 0.034482758620689655
0 0.890625 0.6551724137931034 0.0140625 0.02586206896551724
0 0.859375 0.7844827586206896 0.0078125 0.017241379310344827
0 0.925 0.882183908045977 0.1140625 0.22126436781609196
0 0.9828125 0.9109195402298851 0.015625 0.031609195402298854
0 0.98125 0.9770114942528736 0.0125 0.020114942528735632
0 0.978125 0.8908045977011494 0.0109375 0.020114942528735632
0 0.759375 0.6149425287356322 0.0203125 0.03735632183908046
0 0.740625 0.7212643678160919 0.0203125 0.031609195402298854
0 0.65625 0.7758620689655172 0.0171875 0.031609195402298854
0 0.73125 0.6408045977011494 0.0140625 0.022988505747126436
0 0.6828125 0.6954022988505747 0.0109375 0.020114942528735632
0 0.7640625 0.7442528735632183 0.0078125 0.017241379310344827
0 0.8828125 0.6925287356321839 0.009375 0.020114942528735632
0 0.6203125 0.04597701149425287 0.03125 0.05172413793103448
0 0.134375 0.7126436781609196 0.0171875 0.031609195402298854
0 0.01875 0.7155172413793104 0.0234375 0.03735632183908046
0 0.0109375 0.5718390804597702 0.0203125 0.05459770114942529
0 0.3375 0.9396551724137931 0.015625 0.031609195402298854
0 0.384375 0.8936781609195402 0.0171875 0.028735632183908046
0 0.7265625 0.6580459770114943 0.0078125 0.020114942528735632
0 0.496875 0.6609195402298851 0.0078125 0.014367816091954023
0 0.903125 0.008620689655172414 0.0171875 0.014367816091954023
0 0.9234375 0.05172413793103448 0.0078125 0.020114942528735632
0 0.7640625 0.3103448275862069 0.0125 0.022988505747126436
0 0.1421875 0.3994252873563218 0.009375 0.014367816091954023
0 0.11875 0.6867816091954023 0.0109375 0.022988505747126436
0 0.121875 0.8793103448275862 0.009375 0.014367816091954023
0 0.0375 0.8448275862068966 0.0125 0.020114942528735632
0 0.2703125 0.8563218390804598 0.0109375 0.020114942528735632
0 0.1078125 0.25287356321839083 0.0078125 0.011494252873563218
0 0.15 0.23850574712643677 0.00625 0.011494252873563218
0 0.125 0.23563218390804597 0.009375 0.014367816091954023
0 0.16875 0.46264367816091956 0.0078125 0.020114942528735632
0 0.1484375 0.0603448275862069 0.0078125 0.017241379310344827
0 0.153125 0.08333333333333333 0.00625 0.011494252873563218
0 0.6046875 0.5890804597701149 0.009375 0.020114942528735632
0 0.575 0.5172413793103449 0.009375 0.017241379310344827
0 0.4328125 0.9511494252873564 0.0109375 0.02586206896551724
0 0.3953125 0.9597701149425287 0.0078125 0.014367816091954023
0 0.196875 0.8793103448275862 0.009375 0.020114942528735632
0 0.215625 0.8304597701149425 0.00625 0.011494252873563218
0 0.2703125 0.7068965517241379 0.009375 0.017241379310344827
0 0.1671875 0.6896551724137931 0.009375 0.017241379310344827
0 0.121875 0.5718390804597702 0.0078125 0.017241379310344827
0 0.034375 0.22988505747126436 0.0078125 0.017241379310344827
0 0.0828125 0.022988505747126436 0.009375 0.017241379310344827
0 0.11875 0.005747126436781609 0.009375 0.008620689655172414
0 0.1328125 0.04310344827586207 0.0078125 0.014367816091954023
0 0.7 0.06896551724137931 0.009375 0.017241379310344827
0 0.584375 0.4339080459770115 0.00625 0.014367816091954023
0 0.6765625 0.8477011494252874 0.009375 0.017241379310344827
0 0.740625 0.9956896551724138 0.0125 0.008620689655172414
0 0.7625 0.9540229885057471 0.009375 0.017241379310344827
0 0.671875 0.9080459770114943 0.009375 0.020114942528735632
0 0.559375 0.896551724137931 0.009375 0.014367816091954023
0 0.65 0.8936781609195402 0.0078125 0.014367816091954023
0 0.7484375 0.7902298850574713 0.0078125 0.014367816091954023
0 0.790625 0.9425287356321839 0.0109375 0.017241379310344827
0 0.815625 0.9885057471264368 0.00625 0.020114942528735632
0 0.6953125 0.45977011494252873 0.009375 0.017241379310344827
0 0.8078125 0.2557471264367816 0.009375 0.017241379310344827
0 0.9765625 0.11494252873563218 0.0078125 0.017241379310344827
0 0.0609375 0.985632183908046 0.025 0.028735632183908046
0 0.10625 0.7787356321839081 0.015625 0.028735632183908046
0 0.3640625 0.7327586206896551 0.00625 0.014367816091954023