0 0.68125 0.5470085470085471 0.328125 0.5470085470085471
0 0.8078125 0.13105413105413105 0.0234375 0.039886039886039885
0 0.90625 0.2849002849002849 0.0171875 0.03418803418803419
0 0.5890625 0.15954415954415954 0.015625 0.02564102564102564
0 0.565625 0.1168091168091168 0.009375 0.022792022792022793
0 0.575 0.11965811965811966 0.0109375 0.014245014245014245
0 0.5546875 0.11396011396011396 0.0078125 0.014245014245014245
0 0.4125 0.5242165242165242 0.025 0.042735042735042736
0 0.4296875 0.6068376068376068 0.0140625 0.022792022792022793
0 0.409375 0.10256410256410256 0.040625 0.06837606837606838
0 0.43125 0.07977207977207977 0.009375 0.017094017094017096
0 0.4828125 0.02849002849002849 0.0078125 0.011396011396011397
0 0.4203125 0.05698005698005698 0.00625 0.011396011396011397
0 0.49375 0.05413105413105413 0.00625 0.011396011396011397
0 0.4796875 0.09971509971509972 0.00625 0.011396011396011397
0 0.5421875 0.05698005698005698 0.0078125 0.011396011396011397
0 0.5546875 0.15669515669515668 0.0234375 0.042735042735042736
0 0.5546875 0.23931623931623933 0.00625 0.014245014245014245
0 0.4796875 0.25071225071225073 0.0078125 0.014245014245014245
0 0.428125 0.18803418803418803 0.0078125 0.011396011396011397
0 0.2734375 0.15669515669515668 0.0125 0.019943019943019943
0 0.303125 0.13675213675213677 0.0125 0.02849002849002849
0 0.034375 0.4700854700854701 0.0671875 0.21082621082621084
0 0.0125 0.08831908831908832 0.0109375 0.022792022792022793
0 0.2984375 0.03418803418803419 0.0109375 0.017094017094017096
0 0.2765625 0.005698005698005698 0.0109375 0.008547008547008548
0 0.3328125 0.05413105413105413 0.0078125 0.011396011396011397
0 0.846875 0.9629629629629629 0.015625 0.02849002849002849
0 0.9234375 0.4757834757834758 0.0171875 0.02849002849002849
0 0.934375 0.49572649572649574 0.009375 0.014245014245014245
0 0.7390625 0.32763532763532766 0.0125 0.022792022792022793
0 0.2609375 0.7777777777777778 0.0375 0.08831908831908832
0 0.2625 0.6609686609686609 0.009375 0.014245014245014245
0 0.1984375 0.37606837606837606 0.009375 0.014245014245014245
0 0.2046875 0.3732193732193732 0.009375 0.017094017094017096
0 0.015625 0.8233618233618234 0.009375 0.014245014245014245
0 0.0265625 0.8205128205128205 0.0078125 0.014245014245014245
0 0.003125 0.7663817663817664 0.00625 0.014245014245014245
0 0.0765625 0.7435897435897436 0.00625 0.011396011396011397
0 0.1375 0.603988603988604 0.0078125 0.014245014245014245
0 0.0921875 0.5811965811965812 0.00625 0.014245014245014245
0 0.8453125 0.5555555555555556 0.0140625 0.022792022792022793
0 0.85 0.5897435897435898 0.0109375 0.019943019943019943
0 0.8859375 0.7806267806267806 0.009375 0.017094017094017096
0 0.9421875 0.7777777777777778 0.00625 0.011396011396011397
0 0.925 0.8717948717948718 0.00625 0.011396011396011397
0 0.5046875 0.8347578347578347 0.0171875 0.03418803418803419
0 0.490625 0.9715099715099715 0.0109375 0.019943019943019943
0 0.44375 0.5327635327635327 0.021875 0.039886039886039885
0 0.2296875 0.9658119658119658 0.0140625 0.02849002849002849