0 0.5953125 0.3982808022922636 0.1671875 0.27793696275071633
0 0.9765625 0.5702005730659025 0.0453125 0.166189111747851
0 0.5875 0.9398280802292264 0.0265625 0.04871060171919771
0 0.7078125 0.9813753581661891 0.021875 0.03724928366762178
0 0.6296875 0.12320916905444126 0.034375 0.06303724928366762
0 0.7875 0.13753581661891118 0.0171875 0.03151862464183381
0 0.6984375 0.02005730659025788 0.0203125 0.03151862464183381
0 0.059375 0.41260744985673353 0.0390625 0.07163323782234957
0 0.01875 0.8853868194842407 0.021875 0.03724928366762178
0 0.496875 0.15759312320916904 0.0265625 0.04297994269340974
0 0.525 0.08022922636103152 0.0171875 0.02865329512893983
0 0.4984375 0.1174785100286533 0.0125 0.022922636103151862
0 0.5046875 0.7249283667621776 0.0140625 0.025787965616045846
0 0.565625 0.8567335243553008 0.0125 0.022922636103151862
0 0.4796875 0.6103151862464183 0.0109375 0.02865329512893983
0 0.15 0.6762177650429799 0.0125 0.025787965616045846
0 0.0671875 0.7077363896848138 0.0109375 0.022922636103151862
0 0.2453125 0.7048710601719198 0.0140625 0.025787965616045846
0 0.3671875 0.7478510028653295 0.0125 0.02005730659025788
0 0.31875 0.4040114613180516 0.0125 0.02005730659025788
0 0.3609375 0.39255014326647564 0.009375 0.02005730659025788
0 0.1765625 0.5587392550143266 0.0109375 0.022922636103151862
0 0.01875 0.6532951289398281 0.025 0.04297994269340974
0 0.034375 0.22636103151862463 0.021875 0.04011461318051576
0 0.9546875 0.16905444126074498 0.01875 0.04011461318051576
0 0.9125 0.2492836676217765 0.0109375 0.017191977077363897
0 0.815625 0.18911174785100288 0.0109375 0.022922636103151862
0 0.85 0.19197707736389685 0.0125 0.022922636103151862
0 0.18125 0.6389684813753582 0.0109375 0.02005730659025788
0 0.2359375 0.6475644699140402 0.009375 0.02005730659025788
0 0.3375 0.5386819484240688 0.009375 0.017191977077363897
0 0.3328125 0.6275071633237822 0.0078125 0.02005730659025788
0 0.284375 0.8825214899713467 0.0125 0.02005730659025788
0 0.025 0.9885386819484241 0.0140625 0.022922636103151862
0 0.0171875 0.8223495702005731 0.0125 0.02005730659025788
0 0.6265625 0.9169054441260746 0.0109375 0.017191977077363897
0 0.7375 0.8051575931232091 0.0125 0.022922636103151862
0 0.709375 0.5902578796561605 0.0125 0.022922636103151862
0 0.709375 0.45272206303724927 0.009375 0.02005730659025788
0 0.878125 0.9083094555873925 0.0125 0.022922636103151862
0 0.9671875 0.7363896848137536 0.0109375 0.022922636103151862
0 0.9890625 0.670487106017192 0.0078125 0.014326647564469915
0 0.9 0.37249283667621774 0.0078125 0.02005730659025788
0 0.8140625 0.28939828080229224 0.0078125 0.017191977077363897
0 0.7125 0.17478510028653296 0.009375 0.02005730659025788
0 0.6640625 0.15472779369627507 0.0109375 0.014326647564469915
0 0.7203125 0.08022922636103152 0.009375 0.017191977077363897
0 0.3234375 0.10028653295128939 0.0109375 0.02005730659025788
0 0.1078125 0.08022922636103152 0.009375 0.02005730659025788
0 0.1421875 0.07736389684813753 0.0078125 0.017191977077363897
0 0.03125 0.13753581661891118 0.0109375 0.02005730659025788
0 0.0140625 0.21203438395415472 0.0140625 0.017191977077363897
0 0.1109375 0.6074498567335244 0.0171875 0.03151862464183381
0 0.0390625 0.5243553008595988 0.0078125 0.014326647564469915
0 0.028125 0.02865329512893983 0.009375 0.014326647564469915
0 0.1265625 0.008595988538681949 0.0078125 0.014326647564469915
0 0.3234375 0.10028653295128939 0.009375 0.02005730659025788
0 0.2125 0.2664756446991404 0.009375 0.014326647564469915
0 0.2015625 0.38968481375358166 0.009375 0.02005730659025788
0 0.21875 0.45558739255014324 0.009375 0.014326647564469915
0 0.45625 0.7851002865329513 0.009375 0.017191977077363897
0 0.4875 0.9369627507163324 0.0078125 0.014326647564469915
0 0.2796875 0.5157593123209169 0.00625 0.017191977077363897
0 0.7796875 0.7621776504297995 0.0078125 0.017191977077363897
0 0.81875 0.6790830945558739 0.0078125 0.014326647564469915
0 0.7125 0.5272206303724928 0.009375 0.02005730659025788
0 0.9328125 0.23782234957020057 0.0109375 0.014326647564469915
0 0.4484375 0.1346704871060172 0.009375 0.017191977077363897
0 0.5296875 0.6819484240687679 0.0125 0.02005730659025788
0 0.571875 0.7020057306590258 0.0328125 0.054441260744985676
0 0.4921875 0.5558739255014327 0.0140625 0.02865329512893983
0 0.5359375 0.14040114613180515 0.00625 0.011461318051575931
0 0.45625 0.0057306590257879654 0.0078125 0.008595988538681949