0 0.696875 0.19827586206896552 0.065625 0.11206896551724138
0 0.4109375 0.16954022988505746 0.04375 0.08908045977011494
0 0.2 0.7959770114942529 0.0265625 0.034482758620689655
0 0.134375 0.9310344827586207 0.040625 0.08045977011494253
0 0.84375 0.867816091954023 0.0390625 0.05172413793103448
0 0.7890625 0.7729885057471264 0.0234375 0.034482758620689655
0 0.6984375 0.5689655172413793 0.015625 0.028735632183908046
0 0.5515625 0.7701149425287356 0.025 0.04310344827586207
0 0.5 0.8362068965517241 0.0234375 0.05172413793103448
0 0.365625 0.6264367816091954 0.0109375 0.02586206896551724
0 0.9296875 0.4051724137931034 0.0171875 0.034482758620689655
0 0.859375 0.1810344827586207 0.06875 0.1781609195402299
0 0.9796875 0.3132183908045977 0.0390625 0.10632183908045977