0 0.2828125 0.48563218390804597 0.025 0.04885057471264368
0 0.4453125 0.3448275862068966 0.0171875 0.031609195402298854
0 0.3140625 0.15804597701149425 0.0203125 0.034482758620689655
0 0.25 0.14655172413793102 0.0140625 0.02586206896551724
0 0.303125 0.05172413793103448 0.009375 0.017241379310344827
0 0.76875 0.1867816091954023 0.009375 0.020114942528735632
0 0.7296875 0.20977011494252873 0.0109375 0.020114942528735632
0 0.7171875 0.14655172413793102 0.0109375 0.020114942528735632
0 0.825 0.1235632183908046 0.0140625 0.020114942528735632
0 0.828125 0.27011494252873564 0.0109375 0.020114942528735632
0 0.6375 0.6235632183908046 0.0140625 0.022988505747126436
0 0.640625 0.5977011494252874 0.0109375 0.017241379310344827
0 0.3515625 0.6580459770114943 0.0125 0.020114942528735632
0 0.059375 0.7068965517241379 0.009375 0.022988505747126436
0 0.2359375 0.5718390804597702 0.0140625 0.022988505747126436
0 0.1765625 0.46264367816091956 0.0109375 0.020114942528735632
0 0.096875 0.3390804597701149 0.0109375 0.020114942528735632
0 0.0875 0.3017241379310345 0.009375 0.017241379310344827
0 0.0734375 0.2959770114942529 0.00625 0.011494252873563218
0 0.1359375 0.3505747126436782 0.009375 0.014367816091954023
0 0.171875 0.27011494252873564 0.0078125 0.014367816091954023
0 0.078125 0.16091954022988506 0.009375 0.017241379310344827
0 0.028125 0.16954022988505746 0.00625 0.011494252873563218
0 0.1328125 0.09770114942528736 0.0078125 0.011494252873563218
0 0.375 0.19540229885057472 0.0109375 0.017241379310344827
0 0.384375 0.1925287356321839 0.00625 0.008620689655172414
0 0.4046875 0.1896551724137931 0.00625 0.011494252873563218
0 0.425 0.27298850574712646 0.00625 0.011494252873563218
0 0.43125 0.2557471264367816 0.0046875 0.008620689655172414
0 0.85 0.9454022988505747 0.0109375 0.020114942528735632
0 0.871875 0.9770114942528736 0.0109375 0.020114942528735632
0 0.8515625 0.9741379310344828 0.0078125 0.014367816091954023
0 0.6484375 0.9942528735632183 0.0078125 0.011494252873563218
0 0.63828125 0.9985632183908046 0.0046875 0.0028735632183908046
0 0.65625 0.9827586206896551 0.0046875 0.011494252873563218
0 0.575 0.8706896551724138 0.0078125 0.017241379310344827
0 0.746875 0.9511494252873564 0.0046875 0.011494252873563218
0 0.7046875 0.7787356321839081 0.00625 0.011494252873563218
0 0.6234375 0.13505747126436782 0.0109375 0.020114942528735632
0 0.6375 0.15517241379310345 0.0078125 0.014367816091954023
0 0.0046875 0.9224137931034483 0.0078125 0.02586206896551724
0 0.0796875 0.867816091954023 0.0109375 0.022988505747126436
0 0.1515625 0.8045977011494253 0.00625 0.014367816091954023
0 0.2703125 0.9252873563218391 0.009375 0.014367816091954023
0 0.884375 0.7557471264367817 0.0140625 0.022988505747126436
0 0.8328125 0.603448275862069 0.0109375 0.020114942528735632
0 0.5515625 0.6867816091954023 0.065625 0.11206896551724138
0 0.7234375 0.7298850574712644 0.0765625 0.12643678160919541
0 0.503125 0.4367816091954023 0.0109375 0.022988505747126436
0 0.5046875 0.020114942528735632 0.0109375 0.020114942528735632
0 0.825 0.6724137931034483 0.0078125 0.014367816091954023
0 0.875 0.25287356321839083 0.05 0.08333333333333333
0 0.96875 0.41379310344827586 0.0625 0.12931034482758622
0 0.9953125 0.32471264367816094 0.009375 0.04310344827586207
0 0.428125 0.06321839080459771 0.0515625 0.11494252873563218
0 0.3875 0.10344827586206896 0.0171875 0.028735632183908046
0 0.36875 0.13505747126436782 0.0296875 0.05459770114942529
0 0.3390625 0.16954022988505746 0.0375 0.09770114942528736
0 0.3890625 0.22413793103448276 0.0265625 0.04885057471264368
0 0.378125 0.3017241379310345 0.0265625 0.0603448275862069
0 0.3796875 0.27586206896551724 0.00625 0.011494252873563218
0 0.0171875 0.7097701149425287 0.034375 0.07758620689655173
0 0.1078125 0.853448275862069 0.0546875 0.12931034482758622