0 0.528125 0.5754985754985755 0.3 0.5270655270655271
0 0.03125 0.7948717948717948 0.0484375 0.08831908831908832
0 0.828125 0.41025641025641024 0.11875 0.21367521367521367
0 0.853125 0.6267806267806267 0.0953125 0.17663817663817663
0 0.9625 0.4358974358974359 0.0734375 0.13675213675213677
0 0.828125 0.08262108262108261 0.0234375 0.03418803418803419
0 0.7171875 0.20797720797720798 0.0640625 0.10541310541310542
0 0.425 0.15669515669515668 0.034375 0.05698005698005698
0 0.028125 0.150997150997151 0.021875 0.042735042735042736
0 0.0734375 0.03418803418803419 0.0203125 0.037037037037037035
0 0.196875 0.19658119658119658 0.025 0.04843304843304843
0 0.2375 0.1908831908831909 0.0421875 0.06552706552706553
0 0.2203125 0.1282051282051282 0.021875 0.042735042735042736
0 0.328125 0.03133903133903134 0.034375 0.05413105413105413
0 0.0671875 0.43304843304843305 0.0296875 0.04843304843304843
0 0.0234375 0.5612535612535613 0.0171875 0.03418803418803419
0 0.9546875 0.13675213675213677 0.0890625 0.23646723646723647
0 0.834375 0.8689458689458689 0.0546875 0.1168091168091168
0 0.9359375 0.8005698005698005 0.05 0.11965811965811966
0 0.9875 0.811965811965812 0.0234375 0.09686609686609686
0 0.234375 0.6581196581196581 0.03125 0.05128205128205128
0 0.365625 0.8831908831908832 0.0328125 0.05982905982905983
0 0.396875 0.8746438746438746 0.01875 0.037037037037037035
0 0.1015625 0.6666666666666666 0.01875 0.03418803418803419
0 0.1484375 0.6609686609686609 0.015625 0.02849002849002849
0 0.1703125 0.7606837606837606 0.015625 0.037037037037037035
0 0.240625 0.7037037037037037 0.0140625 0.02849002849002849
0 0.215625 0.98005698005698 0.0140625 0.037037037037037035
0 0.121875 0.9672364672364673 0.05 0.06552706552706553
0 0.1171875 0.9544159544159544 0.015625 0.02849002849002849
0 0.0796875 0.8262108262108262 0.0234375 0.037037037037037035
0 0.06875 0.8547008547008547 0.0140625 0.02564102564102564
0 0.1234375 0.8091168091168092 0.0171875 0.02564102564102564
0 0.0421875 0.9116809116809117 0.025 0.037037037037037035
0 0.3453125 0.5470085470085471 0.0234375 0.045584045584045586
0 0.2265625 0.4444444444444444 0.021875 0.037037037037037035
0 0.178125 0.49002849002849 0.021875 0.037037037037037035
0 0.265625 0.3561253561253561 0.015625 0.03418803418803419
0 0.290625 0.3247863247863248 0.01875 0.042735042735042736
0 0.4921875 0.08831908831908832 0.0203125 0.037037037037037035
0 0.66875 0.7236467236467237 0.025 0.042735042735042736
0 0.51875 0.8233618233618234 0.0171875 0.03133903133903134
0 0.390625 0.7806267806267806 0.0109375 0.022792022792022793
0 0.5640625 0.9116809116809117 0.015625 0.03133903133903134
0 0.70625 0.8774928774928775 0.01875 0.03418803418803419
0 0.7234375 0.8803418803418803 0.015625 0.02849002849002849
0 0.6328125 0.38461538461538464 0.01875 0.03418803418803419
0 0.6859375 0.3561253561253561 0.0328125 0.06552706552706553
0 0.5890625 0.3561253561253561 0.0125 0.02564102564102564
0 0.4078125 0.3561253561253561 0.01875 0.03133903133903134
0 0.4859375 0.30484330484330485 0.0203125 0.03133903133903134
0 0.3609375 0.41595441595441596 0.0171875 0.03133903133903134
0 0.33125 0.8176638176638177 0.0234375 0.037037037037037035
0 0.4234375 0.9401709401709402 0.0171875 0.03133903133903134
0 0.0953125 0.6068376068376068 0.0140625 0.02849002849002849
0 0.03125 0.5213675213675214 0.0140625 0.02849002849002849
0 0.0078125 0.8518518518518519 0.015625 0.045584045584045586
0 0.05625 0.8717948717948718 0.0125 0.022792022792022793
0 0.1921875 0.9259259259259259 0.0140625 0.02849002849002849
0 0.2578125 0.8005698005698005 0.0125 0.022792022792022793
0 0.1671875 0.9116809116809117 0.0125 0.019943019943019943
0 0.3578125 0.6495726495726496 0.0125 0.02849002849002849
0 0.36875 0.6096866096866097 0.0109375 0.022792022792022793
0 0.7125 0.7065527065527065 0.015625 0.03133903133903134
0 0.7546875 0.7207977207977208 0.015625 0.02564102564102564
0 0.725 0.6837606837606838 0.0125 0.022792022792022793
0 0.709375 0.5498575498575499 0.0125 0.019943019943019943
0 0.7265625 0.5299145299145299 0.0125 0.03133903133903134
0 0.9453125 0.6894586894586895 0.015625 0.03418803418803419
0 0.9875 0.6011396011396012 0.025 0.07407407407407407
0 0.95625 0.5698005698005698 0.015625 0.037037037037037035
0 0.9390625 0.5128205128205128 0.009375 0.02564102564102564
0 0.990625 0.5213675213675214 0.0109375 0.017094017094017096
0 0.9203125 0.6552706552706553 0.015625 0.02564102564102564
0 0.9203125 0.7293447293447294 0.0125 0.019943019943019943
0 0.859375 0.7464387464387464 0.0203125 0.037037037037037035
0 0.9171875 0.8917378917378918 0.0203125 0.037037037037037035
0 0.9015625 0.8746438746438746 0.0140625 0.02849002849002849
0 0.959375 0.9658119658119658 0.0140625 0.022792022792022793
0 0.9765625 0.8774928774928775 0.015625 0.03418803418803419
0 0.971875 0.8262108262108262 0.0140625 0.02849002849002849
0 0.6390625 0.12535612535612536 0.015625 0.02564102564102564
0 0.7859375 0.05413105413105413 0.01875 0.03418803418803419
0 0.75 0.1225071225071225 0.015625 0.022792022792022793
0 0.6640625 0.017094017094017096 0.01875 0.022792022792022793
0 0.4484375 0.24786324786324787 0.015625 0.02849002849002849
0 0.478125 0.22792022792022792 0.0140625 0.02564102564102564
0 0.3703125 0.1225071225071225 0.115625 0.18803418803418803
0 0.4046875 0.02564102564102564 0.015625 0.02849002849002849
0 0.0703125 0.1396011396011396 0.015625 0.02564102564102564
0 0.1796875 0.13675213675213677 0.0125 0.02849002849002849
0 0.2015625 0.1282051282051282 0.0125 0.019943019943019943
0 0.19375 0.09971509971509972 0.0140625 0.02564102564102564
0 0.1921875 0.15669515669515668 0.0125 0.02564102564102564
0 0.1734375 0.21082621082621084 0.0125 0.022792022792022793
0 0.253125 0.24216524216524216 0.01875 0.022792022792022793
0 0.1546875 0.21937321937321938 0.0125 0.02564102564102564
0 0.0921875 0.4045584045584046 0.0140625 0.03133903133903134
0 0.2390625 0.3789173789173789 0.0140625 0.02564102564102564
0 0.2109375 0.4017094017094017 0.0125 0.02564102564102564
0 0.5359375 0.25925925925925924 0.015625 0.02564102564102564
0 0.5515625 0.18518518518518517 0.015625 0.02564102564102564
0 0.6046875 0.045584045584045586 0.015625 0.02564102564102564
0 0.73125 0.019943019943019943 0.0109375 0.019943019943019943
0 0.871875 0.06267806267806268 0.009375 0.019943019943019943
0 0.8421875 0.11965811965811966 0.009375 0.022792022792022793
0 0.884375 0.24786324786324787 0.0109375 0.019943019943019943
0 0.9390625 0.2564102564102564 0.015625 0.02564102564102564
0 0.9109375 0.21652421652421652 0.009375 0.02564102564102564
0 0.4953125 0.14814814814814814 0.0203125 0.02849002849002849
0 0.5828125 0.12535612535612536 0.009375 0.017094017094017096
0 0.5453125 0.1111111111111111 0.0109375 0.017094017094017096
0 0.7625 0.9373219373219374 0.015625 0.02849002849002849
0 0.7828125 0.8233618233618234 0.0125 0.02564102564102564
0 0.6859375 0.9715099715099715 0.0171875 0.02849002849002849
0 0.7421875 0.7236467236467237 0.0109375 0.017094017094017096
0 0.1203125 0.7094017094017094 0.009375 0.017094017094017096
0 0.1921875 0.6210826210826211 0.009375 0.019943019943019943
0 0.3046875 0.35327635327635326 0.0125 0.022792022792022793
0 0.309375 0.3333333333333333 0.0109375 0.019943019943019943
0 0.10625 0.1623931623931624 0.009375 0.017094017094017096
0 0.1171875 0.14814814814814814 0.0078125 0.014245014245014245
0 0.0953125 0.11396011396011396 0.0125 0.022792022792022793
0 0.040625 0.042735042735042736 0.0109375 0.022792022792022793
0 0.6359375 0.9686609686609686 0.009375 0.022792022792022793
0 0.6 0.9088319088319088 0.0125 0.022792022792022793
0 0.58125 0.9458689458689459 0.0109375 0.022792022792022793
0 0.475 0.8746438746438746 0.01875 0.02849002849002849
0 0.4609375 0.9145299145299145 0.0125 0.022792022792022793
0 0.5734375 0.8547008547008547 0.015625 0.02564102564102564
0 0.6484375 0.8575498575498576 0.0125 0.022792022792022793
0 0.78125 0.7435897435897436 0.0078125 0.019943019943019943
0 0.7984375 0.5270655270655271 0.0109375 0.02564102564102564
0 0.859375 0.50997150997151 0.015625 0.02564102564102564
0 0.8390625 0.24216524216524216 0.0109375 0.022792022792022793
0 0.2390625 0.5128205128205128 0.0171875 0.03418803418803419
0 0.175 0.4301994301994302 0.009375 0.019943019943019943
0 0.490625 0.9401709401709402 0.0140625 0.022792022792022793
0 0.6703125 0.9743589743589743 0.0140625 0.022792022792022793
0 0.8078125 0.9772079772079773 0.0140625 0.039886039886039885
0 0.8625 0.9344729344729344 0.0109375 0.019943019943019943
0 0.7328125 0.8205128205128205 0.0109375 0.019943019943019943
0 0.7703125 0.7891737891737892 0.0140625 0.02849002849002849
0 0.30625 0.5413105413105413 0.0109375 0.022792022792022793
0 0.834375 0.008547008547008548 0.0109375 0.014245014245014245
0 0.95 0.02849002849002849 0.0109375 0.017094017094017096
0 0.971875 0.05413105413105413 0.0125 0.014245014245014245
0 0.953125 0.5042735042735043 0.009375 0.022792022792022793
0 0.24375 0.3475783475783476 0.0109375 0.019943019943019943
0 0.30625 0.19373219373219372 0.0109375 0.022792022792022793
0 0.2984375 0.1623931623931624 0.0109375 0.017094017094017096
0 0.271875 0.22792022792022792 0.0125 0.019943019943019943
0 0.2578125 0.08547008547008547 0.0140625 0.02564102564102564
0 0.30625 0.10541310541310542 0.0109375 0.022792022792022793
0 0.4265625 0.07122507122507123 0.0125 0.02564102564102564
0 0.33125 0.21652421652421652 0.0109375 0.02564102564102564
0 0.271875 0.019943019943019943 0.0171875 0.02849002849002849
0 0.2890625 0.008547008547008548 0.01875 0.017094017094017096
0 0.3125 0.8945868945868946 0.0171875 0.02849002849002849