0 0.2265625 0.26878612716763006 0.028125 0.046242774566473986
0 0.659375 0.1907514450867052 0.071875 0.10404624277456648
0 0.26875 0.4508670520231214 0.0640625 0.10115606936416185
0 0.159375 0.5375722543352601 0.0484375 0.06069364161849711
0 0.1390625 0.34971098265895956 0.0234375 0.03757225433526012
0 0.2703125 0.08959537572254335 0.121875 0.17630057803468208
0 0.159375 0.02023121387283237 0.025 0.04046242774566474
0 0.8875 0.2745664739884393 0.025 0.05202312138728324
0 0.928125 0.29190751445086704 0.01875 0.03468208092485549
0 0.3171875 0.8497109826589595 0.0890625 0.15606936416184972
0 0.9078125 0.41329479768786126 0.0578125 0.10115606936416185
0 0.0078125 0.8092485549132948 0.015625 0.03757225433526012
0 0.1703125 0.25722543352601157 0.0171875 0.028901734104046242
0 0.640625 0.5317919075144508 0.0703125 0.12138728323699421
0 0.1390625 0.9132947976878613 0.0546875 0.07514450867052024
0 0.4125 0.630057803468208 0.021875 0.031791907514450865
0 0.765625 0.7947976878612717 0.040625 0.06358381502890173
0 0.221875 0.9595375722543352 0.0484375 0.08092485549132948
0 0.7359375 0.5317919075144508 0.021875 0.04335260115606936
0 0.578125 0.9393063583815029 0.0234375 0.046242774566473986
0 0.3296875 0.13005780346820808 0.0328125 0.05491329479768786
0 0.26875 0.18497109826589594 0.0265625 0.05202312138728324
0 0.4921875 0.6416184971098265 0.01875 0.04335260115606936
0 0.428125 0.7109826589595376 0.01875 0.03757225433526012
0 0.0484375 0.7196531791907514 0.01875 0.03468208092485549
0 0.984375 0.27167630057803466 0.0234375 0.05491329479768786
0 0.83125 0.3699421965317919 0.0234375 0.046242774566473986
0 0.021875 0.8728323699421965 0.01875 0.04046242774566474
0 0.35625 0.9479768786127167 0.028125 0.046242774566473986
0 0.428125 0.4277456647398844 0.10625 0.36127167630057805
0 0.49375 0.20809248554913296 0.109375 0.1994219653179191
0 0.8234375 0.47398843930635837 0.0125 0.02023121387283237
0 0.8171875 0.4913294797687861 0.009375 0.014450867052023121
0 0.8453125 0.5115606936416185 0.0078125 0.011560693641618497
0 0.878125 0.4682080924855491 0.009375 0.011560693641618497
0 0.0328125 0.22254335260115607 0.0140625 0.02601156069364162
0 0.140625 0.5346820809248555 0.009375 0.017341040462427744
0 0.175 0.5260115606936416 0.009375 0.014450867052023121
0 0.1828125 0.5202312138728323 0.00625 0.011560693641618497
0 0.1765625 0.5086705202312138 0.00625 0.008670520231213872
0 0.1734375 0.4913294797687861 0.009375 0.017341040462427744
0 0.175 0.47398843930635837 0.0078125 0.014450867052023121
0 0.221875 0.45664739884393063 0.0109375 0.02023121387283237
0 0.1890625 0.42196531791907516 0.009375 0.017341040462427744
0 0.2828125 0.4046242774566474 0.0109375 0.02023121387283237
0 0.296875 0.16473988439306358 0.0109375 0.017341040462427744
0 0.3359375 0.07803468208092486 0.009375 0.014450867052023121
0 0.334375 0.06647398843930635 0.0046875 0.008670520231213872
0 0.3109375 0.005780346820809248 0.00625 0.011560693641618497
0 0.459375 0.08092485549132948 0.0109375 0.017341040462427744