0 0.609375 0.10115606936416185 0.0515625 0.0838150289017341
0 0.915625 0.046242774566473986 0.040625 0.0838150289017341
0 0.4546875 0.7890173410404624 0.0265625 0.05202312138728324
0 0.6734375 0.49710982658959535 0.021875 0.046242774566473986
0 0.375 0.5549132947976878 0.025 0.04046242774566474
0 0.1734375 0.13005780346820808 0.1171875 0.1994219653179191
0 0.2390625 0.315028901734104 0.0734375 0.16473988439306358
0 0.6796875 0.35260115606936415 0.0421875 0.08092485549132948
0 0.3890625 0.38439306358381503 0.0375 0.07514450867052024
0 0.425 0.25722543352601157 0.0515625 0.0838150289017341
0 0.2765625 0.13005780346820808 0.0359375 0.057803468208092484
0 0.33359375 0.8627167630057804 0.1859375 0.2745664739884393
0 0.775 0.6560693641618497 0.025 0.05202312138728324
0 0.2671875 0.5606936416184971 0.0234375 0.06069364161849711
0 0.315625 0.1994219653179191 0.01875 0.04046242774566474
0 0.021875 0.16473988439306358 0.021875 0.04335260115606936
0 0.025 0.7832369942196532 0.01875 0.04335260115606936
0 0.0390625 0.8554913294797688 0.034375 0.046242774566473986
0 0.071875 0.7514450867052023 0.1125 0.1994219653179191
0 0.2125 0.638728323699422 0.0625 0.12716763005780346
0 0.35625 0.615606936416185 0.065625 0.1069364161849711
0 0.4796875 0.4624277456647399 0.059375 0.10982658959537572
0 0.4765625 0.6473988439306358 0.0265625 0.04335260115606936
0 0.6203125 0.7196531791907514 0.021875 0.03468208092485549
0 0.6578125 0.7774566473988439 0.0203125 0.04335260115606936
0 0.6640625 0.17341040462427745 0.01875 0.04046242774566474
0 0.0640625 0.2745664739884393 0.0203125 0.028901734104046242
0 0.5703125 0.8554913294797688 0.0171875 0.031791907514450865
0 0.5359375 0.6791907514450867 0.04375 0.07225433526011561
0 0.51875 0.8034682080924855 0.05625 0.09826589595375723
0 0.159375 0.5317919075144508 0.115625 0.22254335260115607
0 0.321875 0.4884393063583815 0.09375 0.18497109826589594