0 0.571875 0.7387640449438202 0.0421875 0.06741573033707865
0 0.4703125 0.651685393258427 0.01875 0.033707865168539325
0 0.5234375 0.4887640449438202 0.0140625 0.028089887640449437
0 0.0765625 0.8651685393258427 0.0140625 0.03089887640449438
0 0.1828125 0.5955056179775281 0.0140625 0.025280898876404494
0 0.0484375 0.5196629213483146 0.009375 0.019662921348314606
0 0.2828125 0.3398876404494382 0.009375 0.016853932584269662
0 0.2890625 0.30337078651685395 0.015625 0.025280898876404494
0 0.334375 0.29775280898876405 0.009375 0.02247191011235955
0 0.4390625 0.28370786516853935 0.0109375 0.02247191011235955
0 0.453125 0.2640449438202247 0.0109375 0.019662921348314606
0 0.721875 0.37359550561797755 0.0125 0.02247191011235955
0 0.0828125 0.18258426966292135 0.0140625 0.025280898876404494
0 0.0859375 0.17415730337078653 0.0046875 0.008426966292134831
0 0.0828125 0.2696629213483146 0.0078125 0.014044943820224719
0 0.1046875 0.23876404494382023 0.00625 0.011235955056179775
0 0.128125 0.2556179775280899 0.0109375 0.02247191011235955
0 0.075 0.25 0.0046875 0.008426966292134831
0 0.0640625 0.3146067415730337 0.00625 0.011235955056179775
0 0.878125 0.6573033707865169 0.03125 0.056179775280898875
0 0.840625 0.7921348314606742 0.0296875 0.047752808988764044
0 0.8375 0.8314606741573034 0.009375 0.016853932584269662
0 0.815625 0.8932584269662921 0.0109375 0.019662921348314606
0 0.8546875 0.901685393258427 0.0125 0.02247191011235955
0 0.8953125 0.8202247191011236 0.0078125 0.014044943820224719
0 0.875 0.7612359550561798 0.0046875 0.008426966292134831
0 0.8875 0.7893258426966292 0.00625 0.014044943820224719
0 0.73125 0.6067415730337079 0.015625 0.028089887640449437
0 0.6765625 0.46348314606741575 0.015625 0.03089887640449438
0 0.6546875 0.4157303370786517 0.0140625 0.019662921348314606
0 0.2421875 0.5674157303370787 0.0140625 0.025280898876404494
0 0.078125 0.47191011235955055 0.0125 0.025280898876404494
0 0.08125 0.4859550561797753 0.0125 0.025280898876404494
0 0.5546875 0.1404494382022472 0.015625 0.025280898876404494
0 0.6578125 0.2050561797752809 0.034375 0.056179775280898875
0 0.8359375 0.0449438202247191 0.0203125 0.03651685393258427
0 0.740625 0.2640449438202247 0.0328125 0.05337078651685393
0 0.928125 0.31741573033707865 0.096875 0.14606741573033707
0 0.403125 0.6207865168539326 0.0078125 0.016853932584269662
0 0.340625 0.5786516853932584 0.00625 0.008426966292134831
0 0.2734375 0.6039325842696629 0.00625 0.014044943820224719
0 0.3015625 0.5786516853932584 0.00625 0.011235955056179775
0 0.309375 0.5674157303370787 0.00625 0.011235955056179775
0 0.3328125 0.5196629213483146 0.00625 0.008426966292134831