0 0.584375 0.05187319884726225 0.0328125 0.06051873198847262
0 0.165625 0.515850144092219 0.0328125 0.069164265129683
0 0.021875 0.25360230547550433 0.0421875 0.19020172910662825
0 0.0140625 0.0345821325648415 0.0265625 0.069164265129683
0 0.109375 0.1729106628242075 0.0171875 0.02881844380403458
0 0.2578125 0.6195965417867435 0.015625 0.025936599423631124
0 0.2875 0.6714697406340058 0.015625 0.025936599423631124
0 0.1265625 0.08357348703170028 0.0109375 0.023054755043227664
0 0.203125 0.15561959654178675 0.0125 0.020172910662824207
0 0.2265625 0.26512968299711814 0.0109375 0.020172910662824207
0 0.4296875 0.7867435158501441 0.015625 0.03170028818443804
0 0.1734375 0.3170028818443804 0.009375 0.01729106628242075
0 0.2578125 0.2680115273775216 0.0109375 0.023054755043227664
0 0.259375 0.19596541786743515 0.009375 0.020172910662824207
0 0.390625 0.42363112391930835 0.0109375 0.020172910662824207
0 0.4578125 0.4697406340057637 0.0109375 0.020172910662824207
0 0.515625 0.9077809798270894 0.0125 0.023054755043227664
0 0.1546875 0.9538904899135446 0.0109375 0.020172910662824207
0 0.3984375 0.9798270893371758 0.0109375 0.01729106628242075
0 0.471875 0.9942363112391931 0.0109375 0.008645533141210375
0 0.20625 0.6484149855907781 0.0078125 0.01729106628242075
0 0.2234375 0.7146974063400576 0.0125 0.01729106628242075
0 0.4703125 0.4034582132564842 0.0140625 0.03170028818443804
0 0.5 0.13256484149855907 0.0109375 0.020172910662824207
0 0.615625 0.4034582132564842 0.009375 0.01729106628242075
0 0.61875 0.37175792507204614 0.0078125 0.01729106628242075
0 0.61875 0.2276657060518732 0.009375 0.01729106628242075
0 0.65 0.1930835734870317 0.0109375 0.020172910662824207
0 0.675 0.28530259365994237 0.009375 0.020172910662824207
0 0.6875 0.27089337175792505 0.01875 0.037463976945244955
0 0.6265625 0.27953890489913547 0.009375 0.01729106628242075
0 0.690625 0.207492795389049 0.0140625 0.025936599423631124
0 0.6171875 0.09221902017291066 0.0109375 0.020172910662824207
0 0.725 0.14697406340057637 0.0078125 0.020172910662824207
0 0.6765625 0.1037463976945245 0.01875 0.03170028818443804
0 0.65 0.1239193083573487 0.0203125 0.02881844380403458
0 0.6328125 0.16138328530259366 0.021875 0.03170028818443804
0 0.840625 0.10086455331412104 0.028125 0.05187319884726225
0 0.803125 0.12968299711815562 0.0140625 0.03170028818443804
0 0.8078125 0.04610951008645533 0.0375 0.05763688760806916
0 0.815625 0.2017291066282421 0.009375 0.023054755043227664
0 0.853125 0.207492795389049 0.0140625 0.03170028818443804
0 0.815625 0.4755043227665706 0.0140625 0.023054755043227664
0 0.6984375 0.7204610951008645 0.0140625 0.020172910662824207
0 0.709375 0.7492795389048992 0.009375 0.023054755043227664
0 0.728125 0.40057636887608067 0.0828125 0.14985590778097982
0 0.8109375 0.3400576368876081 0.0703125 0.11239193083573487
0 0.8046875 0.2478386167146974 0.0421875 0.05475504322766571
0 0.909375 0.2420749279538905 0.0578125 0.13256484149855907
0 0.6359375 0.6368876080691642 0.09375 0.18155619596541786
0 0.6 0.8443804034582133 0.04375 0.07204610951008646
0 0.684375 0.8587896253602305 0.04375 0.07204610951008646
0 0.765625 0.930835734870317 0.0234375 0.05475504322766571
0 0.7953125 0.8472622478386167 0.034375 0.06051873198847262
0 0.7453125 0.8904899135446686 0.01875 0.03170028818443804
0 0.765625 0.6772334293948127 0.071875 0.138328530259366
0 0.7578125 0.6138328530259366 0.0109375 0.020172910662824207
0 0.803125 0.6023054755043228 0.040625 0.07204610951008646
0 0.4984375 0.7867435158501441 0.009375 0.01729106628242075
0 0.45 0.8328530259365994 0.009375 0.01729106628242075
0 0.8875 0.8876080691642652 0.0234375 0.040345821325648415
0 0.859375 0.6023054755043228 0.0109375 0.01729106628242075
0 0.915625 0.590778097982709 0.0109375 0.020172910662824207
0 0.896875 0.7896253602305475 0.0109375 0.023054755043227664
0 0.8546875 0.7348703170028819 0.0078125 0.01729106628242075
0 0.83125 0.9798270893371758 0.0078125 0.01729106628242075
0 0.96875 0.962536023054755 0.01875 0.02881844380403458
0 0.984375 0.829971181556196 0.0296875 0.08069164265129683
0 0.946875 0.7463976945244957 0.0078125 0.01729106628242075
0 0.9875 0.6685878962536023 0.0234375 0.08357348703170028
0 0.9921875 0.7319884726224783 0.0140625 0.040345821325648415
0 0.9484375 0.40057636887608067 0.028125 0.05475504322766571
0 0.984375 0.43515850144092216 0.03125 0.10662824207492795
0 0.9796875 0.28530259365994237 0.0125 0.023054755043227664
0 0.8921875 0.12968299711815562 0.0109375 0.01729106628242075
0 0.8375 0.14121037463976946 0.009375 0.01440922190201729
0 0.809375 0.16138328530259366 0.00625 0.01729106628242075
0 0.965625 0.11815561959654179 0.06875 0.23631123919308358
0 0.909375 0.08357348703170028 0.0171875 0.03170028818443804