0 0.6609375 0.4034582132564842 0.3515625 0.6253602305475504
0 0.571875 0.6253602305475504 0.08125 0.12680115273775217
0 0.4765625 0.2680115273775216 0.1 0.19596541786743515
0 0.9625 0.04899135446685879 0.05625 0.09510086455331412
0 0.8578125 0.09510086455331412 0.03125 0.04899135446685879
0 0.940625 0.1729106628242075 0.025 0.040345821325648415
0 0.2296875 0.5417867435158501 0.0359375 0.05763688760806916
0 0.453125 0.8126801152737753 0.0484375 0.09798270893371758
0 0.859375 0.8011527377521613 0.0421875 0.07204610951008646
0 0.940625 0.17002881844380405 0.0296875 0.04899135446685879
0 0.134375 0.9755043227665706 0.040625 0.04899135446685879
0 0.2515625 0.9337175792507204 0.021875 0.043227665706051875
0 0.3390625 0.6887608069164265 0.0265625 0.043227665706051875
0 0.8890625 0.7146974063400576 0.046875 0.0893371757925072
0 0.5828125 0.8731988472622478 0.04375 0.15561959654178675
0 0.4796875 0.9538904899135446 0.034375 0.05187319884726225
0 0.65625 0.06628242074927954 0.05 0.06628242074927954
0 0.4453125 0.47262247838616717 0.0671875 0.138328530259366
0 0.3765625 0.8472622478386167 0.0234375 0.05475504322766571
0 0.875 0.4755043227665706 0.0296875 0.03170028818443804