0 0.21875 0.5 0.4375 1
0 0.684375 0.5585412667946257 0.4234375 0.6333973128598849
0 0.5 0.9232245681381958 0.096875 0.15355086372360843
0 0.4640625 0.9539347408829175 0.0234375 0.03262955854126679
0 0.7453125 0.9692898272552783 0.0234375 0.0345489443378119
0 0.5375 0.2629558541266795 0.034375 0.03262955854126679
0 0.503125 0.33589251439539347 0.015625 0.023032629558541268
0 0.4734375 0.3550863723608445 0.021875 0.028790786948176585
0 0.403125 0.009596928982725527 0.0234375 0.019193857965451054
0 0.425 0.03262955854126679 0.021875 0.05182341650671785
0 0.446875 0.023032629558541268 0.0171875 0.026871401151631478
0 0.928125 0.381957773512476 0.1421875 0.4856046065259117
0 0.946875 0.800383877159309 0.1046875 0.3378119001919386
0 0.9234375 0.9404990403071017 0.0359375 0.04222648752399232
0 0.8515625 0.19577735124760076 0.0484375 0.07869481765834933
0 0.846875 0.1708253358925144 0.01875 0.019193857965451054
0 0.9859375 0.14587332053742802 0.0171875 0.02111324376199616
0 0.9296875 0.16122840690978887 0.0125 0.015355086372360844
0 0.8890625 0.22456813819577734 0.009375 0.013435700575815739
0 0.953125 0.12667946257197696 0.0109375 0.015355086372360844
0 0.7890625 0.07677543186180422 0.0203125 0.02495201535508637
0 0.5203125 0.0671785028790787 0.021875 0.02495201535508637
0 0.5546875 0.011516314779270634 0.015625 0.02111324376199616
0 0.775 0.1362763915547025 0.0109375 0.013435700575815739
0 0.55625 0.11516314779270634 0.015625 0.02111324376199616
0 0.425 0.21497120921305182 0.009375 0.011516314779270634
0 0.45 0.2053742802303263 0.0125 0.015355086372360844
0 0.4015625 0.0710172744721689 0.021875 0.03262955854126679
0 0.4265625 0.08829174664107485 0.0140625 0.026871401151631478
0 0.375 0.053742802303262956 0.0109375 0.01727447216890595
0 0.4734375 0.04222648752399232 0.0140625 0.01727447216890595
0 0.6234375 0.19769673704414586 0.0109375 0.013435700575815739
0 0.7734375 0.1689059500959693 0.0109375 0.013435700575815739
0 0.9078125 0.04798464491362764 0.0078125 0.013435700575815739
0 0.91875 0.07485604606525911 0.009375 0.011516314779270634
0 0.8546875 0.005758157389635317 0.0109375 0.009596928982725527
0 0.66875 0.12092130518234165 0.0140625 0.013435700575815739
0 0.659375 0.1401151631477927 0.0125 0.013435700575815739
0 0.64375 0.16122840690978887 0.015625 0.02111324376199616
0 0.621875 0.14779270633397312 0.015625 0.01727447216890595
0 0.70625 0.02495201535508637 0.0234375 0.028790786948176585
0 0.571875 0.08253358925143954 0.015625 0.019193857965451054
0 0.6296875 0.9539347408829175 0.0171875 0.026871401151631478
0 0.7140625 0.8867562380038387 0.009375 0.015355086372360844
0 0.6640625 0.9174664107485605 0.0125 0.009596928982725527
0 0.703125 0.9712092130518234 0.0125 0.03262955854126679
0 0.7171875 0.9769673704414588 0.00625 0.007677543186180422
0 0.6640625 0.9040307101727447 0.00625 0.009596928982725527
0 0.8234375 0.9788867562380038 0.01875 0.02495201535508637
0 0.85 0.9846449136276392 0.01875 0.023032629558541268
0 0.9 0.9788867562380038 0.009375 0.011516314779270634
0 0.9125 0.980806142034549 0.009375 0.011516314779270634
0 0.9015625 0.9942418426103646 0.0171875 0.011516314779270634
0 0.8796875 0.9385796545105566 0.0171875 0.02495201535508637
0 0.878125 0.8809980806142035 0.0171875 0.030710172744721688
0 0.8046875 0.8579654510556622 0.0140625 0.02111324376199616
0 0.7875 0.9232245681381958 0.0109375 0.011516314779270634
0 0.840625 0.9213051823416507 0.0078125 0.013435700575815739
0 0.6203125 0.9769673704414588 0.0125 0.013435700575815739
0 0.8859375 0.3934740882917466 0.0125 0.019193857965451054
0 0.8046875 0.2667946257197697 0.0125 0.01727447216890595
0 0.4421875 0.5393474088291746 0.009375 0.009596928982725527
0 0.44375 0.510556621880998 0.01875 0.02111324376199616
0 0.4359375 0.44145873320537427 0.0125 0.013435700575815739
0 0.4453125 0.4798464491362764 0.0109375 0.011516314779270634
0 0.3984375 0.1785028790786948 0.009375 0.013435700575815739