0 0.30625 0.514018691588785 0.6125 0.969626168224299
0 0.60625 0.9158878504672897 0.13125 0.1658878504672897
0 0.84375 0.8551401869158879 0.075 0.10747663551401869
0 0.07265625 0.8866822429906542 0.1453125 0.2266355140186916
0 0.0578125 0.07242990654205607 0.06875 0.08878504672897196
0 0.7796875 0.27102803738317754 0.078125 0.1588785046728972
0 0.8921875 0.06775700934579439 0.0375 0.04906542056074766
0 0.7171875 0.19626168224299065 0.0421875 0.05841121495327103
0 0.815625 0.1261682242990654 0.0328125 0.07242990654205607
0 0.8640625 0.09345794392523364 0.025 0.0397196261682243
0 0.828125 0.06775700934579439 0.028125 0.0514018691588785
0 0.8125 0.6869158878504673 0.0296875 0.04205607476635514
0 0.9890625 0.5981308411214953 0.0203125 0.04205607476635514
0 0.9796875 0.338785046728972 0.03125 0.04672897196261682
0 0.63125 0.7523364485981309 0.0296875 0.04205607476635514
0 0.5859375 0.7593457943925234 0.021875 0.056074766355140186
0 0.7953125 0.5233644859813084 0.3234375 0.27102803738317754