0 0.6234375 0.3055555555555556 0.046875 0.0707070707070707
0 0.55625 0.6565656565656566 0.0515625 0.08333333333333333
0 0.6828125 0.6767676767676768 0.0296875 0.045454545454545456
0 0.840625 0.7373737373737373 0.0234375 0.047979797979797977
0 0.5546875 0.7954545454545454 0.0453125 0.0707070707070707
0 0.2328125 0.5227272727272727 0.034375 0.050505050505050504
0 0.640625 0.03282828282828283 0.0234375 0.03787878787878788
0 0.88125 0.29797979797979796 0.0171875 0.03535353535353535
0 0.9109375 0.2601010101010101 0.01875 0.03282828282828283
0 0.38125 0.4015151515151515 0.0234375 0.04292929292929293
0 0.453125 0.2398989898989899 0.015625 0.027777777777777776
0 0.0546875 0.4166666666666667 0.0171875 0.025252525252525252
0 0.2671875 0.75 0.0171875 0.025252525252525252
0 0.075 0.17676767676767677 0.0140625 0.025252525252525252
0 0.315625 0.16666666666666666 0.01875 0.027777777777777776
0 0.3640625 0.010101010101010102 0.0234375 0.020202020202020204
0 0.653125 0.11616161616161616 0.0203125 0.027777777777777776
0 0.75625 0.5454545454545454 0.0125 0.020202020202020204
0 0.8109375 0.8560606060606061 0.0125 0.022727272727272728
0 0.8515625 0.8308080808080808 0.015625 0.025252525252525252
0 0.8234375 0.7878787878787878 0.015625 0.022727272727272728
0 0.6 0.9292929292929293 0.01875 0.027777777777777776
0 0.0375 0.16666666666666666 0.0109375 0.020202020202020204
0 0.0859375 0.32323232323232326 0.015625 0.022727272727272728
0 0.4078125 0.2702020202020202 0.0140625 0.022727272727272728
0 0.5421875 0.18181818181818182 0.0140625 0.022727272727272728
0 0.7046875 0.5 0.0203125 0.03787878787878788
0 0.4859375 0.4217171717171717 0.0125 0.017676767676767676
0 0.6609375 0.1893939393939394 0.0125 0.020202020202020204
0 0.78125 0.3686868686868687 0.0125 0.022727272727272728
0 0.9359375 0.43686868686868685 0.0265625 0.05303030303030303
0 0.9 0.3434343434343434 0.01875 0.03535353535353535
0 0.9265625 0.20202020202020202 0.0171875 0.03282828282828283
0 0.9078125 0.1994949494949495 0.015625 0.025252525252525252
0 0.7796875 0.547979797979798 0.015625 0.022727272727272728
0 0.846875 0.3207070707070707 0.021875 0.04292929292929293
0 0.66875 0.398989898989899 0.015625 0.025252525252525252