0 0.1375 0.8945868945868946 0.071875 0.1339031339031339
0 0.8875 0.14814814814814814 0.0453125 0.07122507122507123
0 0.121875 0.039886039886039885 0.10625 0.07977207977207977
0 0.084375 0.7407407407407407 0.05625 0.10256410256410256
0 0.0625 0.584045584045584 0.0359375 0.05128205128205128
0 0.1484375 0.5811965811965812 0.0328125 0.05698005698005698
0 0.0984375 0.37606837606837606 0.06875 0.13105413105413105
0 0.1984375 0.30484330484330485 0.0640625 0.14814814814814814
0 0.6421875 0.5413105413105413 0.0546875 0.08547008547008547
0 0.8296875 0.5982905982905983 0.0359375 0.06837606837606838
0 0.7 0.09116809116809117 0.1234375 0.1794871794871795
0 0.4890625 0.019943019943019943 0.040625 0.037037037037037035
0 0.55 0.039886039886039885 0.03125 0.05982905982905983
0 0.4984375 0.8717948717948718 0.0359375 0.07407407407407407
0 0.5265625 0.698005698005698 0.04375 0.07692307692307693
0 0.6546875 0.7435897435897436 0.0390625 0.08831908831908832
0 0.6609375 0.8689458689458689 0.0375 0.05698005698005698
0 0.6015625 0.7863247863247863 0.021875 0.05128205128205128
0 0.5890625 0.19943019943019943 0.03125 0.05128205128205128
0 0.30625 0.1908831908831909 0.0390625 0.05128205128205128
0 0.309375 0.11965811965811966 0.0359375 0.05413105413105413
0 0.25625 0.2792022792022792 0.0328125 0.06552706552706553
0 0.3046875 0.32763532763532766 0.034375 0.06267806267806268
0 0.84375 0.24216524216524216 0.03125 0.04843304843304843
0 0.91875 0.2678062678062678 0.0890625 0.1794871794871795
0 0.93125 0.03133903133903134 0.0890625 0.06267806267806268
0 0.7703125 0.5441595441595442 0.0515625 0.10256410256410256
0 0.528125 0.3646723646723647 0.0296875 0.05128205128205128
0 0.49375 0.46153846153846156 0.0328125 0.042735042735042736
0 0.459375 0.5669515669515669 0.034375 0.07407407407407407
0 0.4296875 0.7037037037037037 0.0296875 0.05413105413105413
0 0.359375 0.7065527065527065 0.0296875 0.042735042735042736
0 0.9765625 0.4843304843304843 0.040625 0.06552706552706553
0 0.9859375 0.7094017094017094 0.028125 0.06837606837606838
0 0.978125 0.7777777777777778 0.028125 0.037037037037037035
0 0.2265625 0.6752136752136753 0.03125 0.06837606837606838
0 0.2546875 0.7635327635327636 0.03125 0.037037037037037035
0 0.15 0.6780626780626781 0.03125 0.06267806267806268
0 0.0265625 0.49002849002849 0.0328125 0.06267806267806268
0 0.2515625 0.8433048433048433 0.0578125 0.10256410256410256
0 0.0890625 0.9601139601139601 0.0453125 0.07692307692307693
0 0.046875 0.8461538461538461 0.05625 0.09971509971509972
0 0.34375 0.48717948717948717 0.053125 0.09686609686609686
0 0.1140625 0.452991452991453 0.034375 0.05698005698005698
0 0.2046875 0.5441595441595442 0.0265625 0.037037037037037035
0 0.8078125 0.13105413105413105 0.0359375 0.05982905982905983
0 0.6125 0.31054131054131057 0.021875 0.042735042735042736
0 0.575 0.6096866096866097 0.0265625 0.039886039886039885
0 0.7984375 0.34472934472934474 0.0265625 0.05982905982905983
0 0.828125 0.5242165242165242 0.0375 0.06837606837606838
0 0.8203125 0.6894586894586895 0.034375 0.045584045584045586
0 0.821875 0.7492877492877493 0.0453125 0.05413105413105413
0 0.928125 0.5185185185185185 0.0265625 0.05128205128205128
0 0.9421875 0.3475783475783476 0.0265625 0.042735042735042736
0 0.9734375 0.31339031339031337 0.0203125 0.04843304843304843
0 0.5015625 0.39886039886039887 0.03125 0.042735042735042736
0 0.375 0.09971509971509972 0.03125 0.042735042735042736
0 0.228125 0.08831908831908832 0.025 0.037037037037037035
0 0.2625 0.14814814814814814 0.0265625 0.04843304843304843
0 0.0921875 0.5498575498575499 0.0375 0.08547008547008547
0 0.834375 0.8547008547008547 0.278125 0.2905982905982906
0 0.3046875 0.7065527065527065 0.03125 0.05982905982905983
0 0.5484375 0.8774928774928775 0.028125 0.03418803418803419
0 0.953125 0.6011396011396012 0.0234375 0.039886039886039885
0 0.04375 0.19373219373219372 0.065625 0.1737891737891738
0 0.3171875 0.7777777777777778 0.034375 0.05128205128205128
0 0.634375 0.06837606837606838 0.028125 0.04843304843304843
0 0.2703125 0.9116809116809117 0.025 0.03418803418803419
0 0.0484375 0.3789173789173789 0.0234375 0.042735042735042736
0 0.3953125 0.19658119658119658 0.0171875 0.037037037037037035
0 0.3484375 0.3162393162393162 0.025 0.045584045584045586
0 0.35625 0.3504273504273504 0.04375 0.045584045584045586
0 0.3859375 0.4358974358974359 0.0171875 0.05128205128205128
0 0.7515625 0.24216524216524216 0.021875 0.037037037037037035
0 0.6 0.9515669515669516 0.0171875 0.039886039886039885
0 0.6578125 0.4045584045584046 0.021875 0.037037037037037035
0 0.109375 0.23076923076923078 0.028125 0.037037037037037035
0 0.7375 0.14245014245014245 0.0328125 0.07407407407407407
0 0.8546875 0.452991452991453 0.0296875 0.045584045584045586
0 0.83125 0.41595441595441596 0.0171875 0.042735042735042736
0 0.3578125 0.8717948717948718 0.0296875 0.042735042735042736