0 0.053125 0.026881720430107527 0.034375 0.03942652329749104
0 0.1203125 0.10931899641577061 0.0328125 0.03763440860215054
0 0.5859375 0.46953405017921146 0.05625 0.06272401433691756
0 0.8125 0.06630824372759857 0.06875 0.08064516129032258
0 0.134375 0.7043010752688172 0.0546875 0.07526881720430108
0 0.334375 0.8888888888888888 0.075 0.08960573476702509
0 0.5625 0.8279569892473119 0.0515625 0.06093189964157706
0 0.16875 0.4767025089605735 0.0609375 0.05913978494623656
0 0.659375 0.026881720430107527 0.05625 0.05197132616487455
0 0.0984375 0.6111111111111112 0.0484375 0.05197132616487455
0 0.059375 0.6630824372759857 0.05 0.043010752688172046
0 0.2 0.8745519713261649 0.0640625 0.05197132616487455
0 0.8625 0.978494623655914 0.0453125 0.043010752688172046
0 0.95625 0.5376344086021505 0.0359375 0.07347670250896057
0 0.709375 0.14874551971326164 0.04375 0.03942652329749104
0 0.1734375 0.9802867383512545 0.05625 0.03763440860215054
0 0.8203125 0.7867383512544803 0.0796875 0.08602150537634409
0 0.8890625 0.8906810035842294 0.046875 0.07706093189964158
0 0.3390625 0.3172043010752688 0.0296875 0.043010752688172046
0 0.1953125 0.2974910394265233 0.0359375 0.04121863799283154
0 0.2234375 0.03225806451612903 0.0703125 0.06272401433691756
0 0.5015625 0.22401433691756273 0.046875 0.04659498207885305
0 0.71875 0.7670250896057348 0.040625 0.04659498207885305
0 0.7984375 0.6111111111111112 0.0515625 0.07885304659498207
0 0.7484375 0.6917562724014337 0.1515625 0.11290322580645161
0 0.4296875 0.46236559139784944 0.034375 0.035842293906810034
0 0.60625 0.1774193548387097 0.0453125 0.04838709677419355
0 0.7921875 0.21505376344086022 0.034375 0.06272401433691756
0 0.8546875 0.34587813620071683 0.0359375 0.044802867383512544
0 0.834375 0.15412186379928317 0.03125 0.03942652329749104
0 0.890625 0.5842293906810035 0.034375 0.03225806451612903
0 0.68125 0.8548387096774194 0.0390625 0.04659498207885305
0 0.6734375 0.9587813620071685 0.05625 0.08243727598566308
0 0.28125 0.30286738351254483 0.028125 0.03942652329749104
0 0.228125 0.14874551971326164 0.0515625 0.07526881720430108
0 0.303125 0.0913978494623656 0.028125 0.03763440860215054
0 0.1609375 0.06630824372759857 0.03125 0.03763440860215054
0 0.40625 0.9767025089605734 0.0328125 0.035842293906810034
0 0.90625 0.6989247311827957 0.028125 0.03942652329749104
0 0.8703125 0.6433691756272402 0.028125 0.034050179211469536
0 0.9734375 0.3010752688172043 0.0515625 0.07347670250896057
0 0.91875 0.16308243727598568 0.0703125 0.0967741935483871
0 0.9515625 0.36379928315412186 0.0296875 0.035842293906810034
0 0.978125 0.7186379928315412 0.04375 0.03942652329749104
0 0.946875 0.6362007168458781 0.03125 0.04838709677419355
0 0.4390625 0.6648745519713262 0.034375 0.04659498207885305
0 0.6125 0.978494623655914 0.046875 0.026881720430107527
0 0.8125 0.8458781362007168 0.034375 0.04659498207885305
0 0.43125 0.22939068100358423 0.0453125 0.07885304659498207
0 0.3671875 0.10752688172043011 0.034375 0.035842293906810034
0 0.7390625 0.5197132616487455 0.40625 0.514336917562724
0 0.353125 0.3924731182795699 0.0671875 0.0931899641577061