0 0.1890625 0.17478510028653296 0.0515625 0.0659025787965616
0 0.1765625 0.24641833810888253 0.0390625 0.07449856733524356
0 0.375 0.28939828080229224 0.03125 0.05730659025787966
0 0.275 0.2693409742120344 0.0296875 0.04297994269340974
0 0.240625 0.4785100286532951 0.0296875 0.06017191977077364
0 0.565625 0.15759312320916904 0.0375 0.06303724928366762
0 0.2875 0.8424068767908309 0.0953125 0.1346704871060172
0 0.6828125 0.3839541547277937 0.034375 0.07163323782234957
0 0.165625 0.5415472779369628 0.015625 0.022922636103151862
0 0.4109375 0.7707736389684814 0.0421875 0.07736389684813753
0 0.5984375 0.8194842406876791 0.040625 0.07163323782234957
0 0.603125 0.3553008595988539 0.025 0.03724928366762178
0 0.3828125 0.8653295128939829 0.025 0.034383954154727794
0 0.4546875 0.9742120343839542 0.028125 0.045845272206303724
0 0.2828125 0.5472779369627507 0.0171875 0.03151862464183381
0 0.0875 0.22636103151862463 0.0171875 0.017191977077363897
0 0.68125 0.18624641833810887 0.0203125 0.045845272206303724
0 0.64375 0.2808022922636103 0.0484375 0.06303724928366762
0 0.7796875 0.5243553008595988 0.021875 0.04011461318051576
0 0.3671875 0.7020057306590258 0.025 0.04297994269340974
0 0.0625 0.8911174785100286 0.0390625 0.054441260744985676
0 0.171875 0.7277936962750716 0.0171875 0.04297994269340974
0 0.4703125 0.4040114613180516 0.01875 0.03724928366762178
0 0.1703125 0.3553008595988539 0.0296875 0.045845272206303724
0 0.06875 0.4469914040114613 0.01875 0.045845272206303724
0 0.29375 0.1318051575931232 0.028125 0.04297994269340974
0 0.4640625 0.0830945558739255 0.025 0.06303724928366762
0 0.7734375 0.17191977077363896 0.0296875 0.04871060171919771
0 0.8171875 0.1833810888252149 0.040625 0.054441260744985676
0 0.859375 0.3237822349570201 0.0296875 0.045845272206303724
0 0.9734375 0.42406876790830944 0.0390625 0.05157593123209169
0 0.9203125 0.498567335243553 0.034375 0.054441260744985676
0 0.9859375 0.5386819484240688 0.0265625 0.045845272206303724
0 0.8953125 0.6361031518624641 0.034375 0.054441260744985676
0 0.7609375 0.10888252148997135 0.015625 0.02865329512893983
0 0.80625 0.12607449856733524 0.015625 0.03151862464183381
0 0.621875 0.9598853868194842 0.0328125 0.054441260744985676
0 0.5375 0.6590257879656161 0.034375 0.04011461318051576
0 0.575 0.6762177650429799 0.01875 0.034383954154727794
0 0.6046875 0.6991404011461319 0.0171875 0.02865329512893983
0 0.7203125 0.828080229226361 0.0171875 0.04011461318051576
0 0.915625 0.09742120343839542 0.028125 0.06303724928366762
0 0.76875 0.7851002865329513 0.0328125 0.06303724928366762
0 0.8203125 0.7822349570200573 0.0234375 0.05730659025787966
0 0.759375 0.10888252148997135 0.0125 0.03151862464183381
0 0.31875 0.06876790830945559 0.021875 0.025787965616045846
0 0.2140625 0.5415472779369628 0.0359375 0.05157593123209169
0 0.3640625 0.6017191977077364 0.03125 0.06017191977077364
0 0.325 0.6389684813753582 0.034375 0.045845272206303724
0 0.2015625 0.46131805157593125 0.0171875 0.03151862464183381
0 0.165625 0.44126074498567336 0.021875 0.02865329512893983
0 0.11875 0.3954154727793696 0.01875 0.05157593123209169
0 0.4296875 0.4183381088825215 0.025 0.045845272206303724
0 0.4703125 0.4699140401146132 0.0203125 0.045845272206303724
0 0.5765625 0.4154727793696275 0.0171875 0.03151862464183381
0 0.6234375 0.4670487106017192 0.03125 0.04011461318051576
0 0.2234375 0.9326647564469914 0.1 0.1346704871060172
0 0.2546875 0.5902578796561605 0.0703125 0.13753581661891118
0 0.74375 0.3151862464183381 0.028125 0.054441260744985676
0 0.7765625 0.3123209169054441 0.015625 0.02865329512893983
0 0.8421875 0.5587392550143266 0.025 0.04011461318051576
0 0.5421875 0.8710601719197708 0.0234375 0.04297994269340974
0 0.5859375 0.9169054441260746 0.021875 0.03151862464183381
0 0.340625 0.2607449856733524 0.01875 0.034383954154727794
0 0.403125 0.1346704871060172 0.0203125 0.03151862464183381
0 0.25625 0.06303724928366762 0.01875 0.025787965616045846
0 0.2640625 0.11461318051575932 0.0171875 0.034383954154727794
0 0.1015625 0.054441260744985676 0.0125 0.022922636103151862
0 0.734375 0.04297994269340974 0.01875 0.025787965616045846
0 0.4015625 0.4498567335243553 0.03125 0.04011461318051576
0 0.36875 0.5444126074498568 0.015625 0.02005730659025788
0 0.09375 0.3123209169054441 0.015625 0.025787965616045846
0 0.125 0.3151862464183381 0.0171875 0.022922636103151862
0 0.071875 0.35816618911174786 0.0234375 0.014326647564469915
0 0.0109375 0.3982808022922636 0.0140625 0.022922636103151862
0 0.6671875 0.9169054441260746 0.0265625 0.05157593123209169
0 0.021875 0.045845272206303724 0.0203125 0.03724928366762178
0 0.7734375 0.011461318051575931 0.0234375 0.022922636103151862
0 0.8203125 0.02005730659025788 0.0125 0.025787965616045846
0 0.628125 0.04011461318051576 0.109375 0.07736389684813753
0 0.615625 0.12320916905444126 0.0171875 0.034383954154727794
0 0.6078125 0.16905444126074498 0.0125 0.03724928366762178
0 0.3078125 0.9570200573065902 0.0125 0.02865329512893983
0 0.4390625 0.9283667621776505 0.0109375 0.022922636103151862
0 0.51875 0.7249283667621776 0.0125 0.022922636103151862
0 0.5453125 0.7392550143266475 0.0109375 0.025787965616045846
0 0.39375 0.7421203438395415 0.015625 0.025787965616045846
0 0.3921875 0.6131805157593123 0.0234375 0.034383954154727794
0 0.45625 0.4068767908309456 0.0109375 0.02005730659025788
0 0.45625 0.4269340974212034 0.0078125 0.014326647564469915
0 0.6453125 0.7449856733524355 0.0265625 0.03724928366762178
0 0.6578125 0.7593123209169055 0.0125 0.02005730659025788
0 0.6765625 0.504297994269341 0.015625 0.034383954154727794
0 0.6984375 0.5128939828080229 0.0140625 0.02865329512893983
0 0.9140625 0.16045845272206305 0.015625 0.022922636103151862
0 0.0453125 0.6303724928366762 0.0125 0.02005730659025788
0 0.1796875 0.836676217765043 0.0171875 0.022922636103151862
0 0.2046875 0.6389684813753582 0.0171875 0.034383954154727794
0 0.265625 0.66189111747851 0.015625 0.03724928366762178
0 0.271875 0.7020057306590258 0.0140625 0.025787965616045846
0 0.290625 0.7048710601719198 0.015625 0.03724928366762178
0 0.2375 0.7220630372492837 0.0109375 0.02005730659025788
0 0.1828125 0.9140401146131805 0.0140625 0.02865329512893983
0 0.190625 0.8825214899713467 0.0125 0.02865329512893983
0 0.20625 0.8452722063037249 0.0140625 0.022922636103151862
0 0.5078125 0.4871060171919771 0.0109375 0.022922636103151862
0 0.5078125 0.5100286532951289 0.0109375 0.02005730659025788
0 0.7734375 0.5787965616045845 0.0109375 0.02005730659025788
0 0.9265625 0.6361031518624641 0.0125 0.022922636103151862
0 0.7484375 0.42120343839541546 0.0125 0.022922636103151862
0 0.9015625 0.2492836676217765 0.0171875 0.02865329512893983
0 0.875 0.07449856733524356 0.009375 0.017191977077363897
0 0.740625 0.022922636103151862 0.0125 0.022922636103151862
0 0.753125 0.008595988538681949 0.009375 0.017191977077363897
0 0.75625 0.054441260744985676 0.009375 0.017191977077363897
0 0.4203125 0.1174785100286533 0.0140625 0.022922636103151862
0 0.3734375 0.08022922636103152 0.0109375 0.017191977077363897
0 0.115625 0.1318051575931232 0.0078125 0.02005730659025788
0 0.125 0.054441260744985676 0.0109375 0.022922636103151862
0 0.075 0.011461318051575931 0.0140625 0.022922636103151862
0 0.0625 0.6160458452722063 0.0109375 0.02005730659025788
0 0.11953125 0.9928366762177651 0.0140625 0.014326647564469915
0 0.4375 0.5530085959885387 0.0125 0.022922636103151862
0 0.509375 0.38108882521489973 0.0140625 0.025787965616045846
0 0.5296875 0.2808022922636103 0.0140625 0.022922636103151862
0 0.578125 0.28653295128939826 0.009375 0.02005730659025788
0 0.5890625 0.2836676217765043 0.009375 0.017191977077363897
0 0.565625 0.22349570200573066 0.01875 0.02865329512893983
0 0.56875 0.24355300859598855 0.0109375 0.022922636103151862
0 0.0734375 0.7306590257879656 0.0078125 0.02005730659025788
0 0.1578125 0.10601719197707736 0.0140625 0.022922636103151862
0 0.19375 0.10028653295128939 0.0171875 0.03151862464183381
0 0.1703125 0.05730659025787966 0.0125 0.022922636103151862
0 0.2140625 0.017191977077363897 0.0109375 0.017191977077363897
0 0.278125 0.08595988538681948 0.0140625 0.025787965616045846
0 0.3375 0.16045845272206305 0.0109375 0.022922636103151862
0 0.3375 0.1174785100286533 0.021875 0.04297994269340974
0 0.3390625 0.0659025787965616 0.0171875 0.04011461318051576
0 0.3609375 0.06303724928366762 0.0125 0.02865329512893983
0 0.3078125 0.37249283667621774 0.0125 0.02005730659025788
0 0.2890625 0.3037249283667622 0.0125 0.02865329512893983
0 0.315625 0.30945558739255014 0.0109375 0.017191977077363897
0 0.2390625 0.25501432664756446 0.0140625 0.02865329512893983
0 0.2234375 0.1318051575931232 0.025 0.0659025787965616
0 0.215625 0.22063037249283668 0.0140625 0.02865329512893983
0 0.203125 0.2693409742120344 0.0140625 0.022922636103151862
0 0.26875 0.23209169054441262 0.015625 0.02005730659025788
0 0.2734375 0.15472779369627507 0.0125 0.02865329512893983
0 0.3875 0.34097421203438394 0.0125 0.025787965616045846
0 0.4078125 0.3524355300859599 0.0125 0.02865329512893983
0 0.3671875 0.39255014326647564 0.0125 0.022922636103151862
0 0.3734375 0.4154727793696275 0.0125 0.02865329512893983
0 0.446875 0.31805157593123207 0.0109375 0.02005730659025788
0 0.4890625 0.29512893982808025 0.0109375 0.025787965616045846
0 0.5 0.28939828080229224 0.0078125 0.02005730659025788
0 0.503125 0.166189111747851 0.0125 0.022922636103151862
0 0.7890625 0.7449856733524355 0.0203125 0.04011461318051576
0 0.6109375 0.6160458452722063 0.021875 0.05157593123209169
0 0.6515625 0.5501432664756447 0.0140625 0.02865329512893983
0 0.671875 0.5530085959885387 0.0125 0.025787965616045846
0 0.7 0.5472779369627507 0.0140625 0.022922636103151862
0 0.678125 0.5702005730659025 0.009375 0.022922636103151862
0 0.6921875 0.5702005730659025 0.009375 0.017191977077363897
0 0.6609375 0.5730659025787965 0.009375 0.02005730659025788
0 0.653125 0.5873925501432665 0.0109375 0.02005730659025788
0 0.6609375 0.6160458452722063 0.009375 0.017191977077363897
0 0.659375 0.5157593123209169 0.0140625 0.025787965616045846
0 0.6375 0.5186246418338109 0.0171875 0.034383954154727794
0 0.85 0.1489971346704871 0.04375 0.0830945558739255
0 0.1640625 0.5816618911174785 0.0078125 0.017191977077363897
0 0.2078125 0.37822349570200575 0.0125 0.017191977077363897
0 0.1765625 0.40974212034383956 0.015625 0.022922636103151862
0 0.2421875 0.3553008595988539 0.0109375 0.02865329512893983
0 0.246875 0.31805157593123207 0.0125 0.022922636103151862
0 0.2546875 0.28939828080229224 0.0125 0.025787965616045846
0 0.06875 0.07163323782234957 0.0125 0.017191977077363897
0 0.08125 0.07163323782234957 0.0078125 0.022922636103151862
0 0.075 0.05730659025787966 0.0078125 0.017191977077363897
0 0.271875 0.4813753581661891 0.015625 0.02005730659025788
0 0.3 0.44412607449856734 0.0125 0.02005730659025788
0 0.353125 0.5530085959885387 0.009375 0.022922636103151862
0 0.421875 0.4785100286532951 0.009375 0.017191977077363897
0 0.66875 0.8624641833810889 0.01875 0.03151862464183381
0 0.6578125 0.8653295128939829 0.009375 0.014326647564469915
0 0.6390625 0.8538681948424068 0.00625 0.014326647564469915
0 0.6390625 0.8939828080229226 0.0109375 0.02005730659025788
0 0.6234375 0.8137535816618912 0.0109375 0.022922636103151862
0 0.621875 0.8510028653295129 0.009375 0.02005730659025788
0 0.6078125 0.7707736389684814 0.0125 0.022922636103151862
0 0.5671875 0.7363896848137536 0.009375 0.014326647564469915
0 0.5890625 0.7363896848137536 0.0203125 0.04297994269340974
0 0.55 0.836676217765043 0.0171875 0.034383954154727794
0 0.5640625 0.8710601719197708 0.021875 0.05157593123209169
0 0.5421875 0.9054441260744985 0.0171875 0.034383954154727794
0 0.53125 0.9255014326647565 0.0125 0.025787965616045846
0 0.5265625 0.9369627507163324 0.0125 0.02005730659025788
0 0.5015625 0.9641833810888252 0.0375 0.07163323782234957
0 0.5359375 0.9813753581661891 0.025 0.03724928366762178
0 0.9375 0.7507163323782235 0.0125 0.025787965616045846
0 0.996875 0.8051575931232091 0.00625 0.02005730659025788
0 0.9671875 0.5587392550143266 0.009375 0.014326647564469915
0 0.9296875 0.13753581661891118 0.0125 0.022922636103151862