0 0.1203125 0.6246973365617433 0.1375 0.2106537530266344
0 0.78125 0.4358353510895884 0.1390625 0.21549636803874092
0 0.596875 0.07506053268765134 0.090625 0.14043583535108958
0 0.18125 0.2009685230024213 0.03125 0.048426150121065374
0 0.765625 0.20823244552058112 0.0453125 0.06295399515738499
0 0.9796875 0.3389830508474576 0.040625 0.06295399515738499
0 0.9609375 0.22276029055690072 0.0328125 0.06295399515738499
0 0.5109375 0.9055690072639225 0.0328125 0.04600484261501211
0 0.6859375 0.5690072639225182 0.028125 0.043583535108958835
0 0.6015625 0.612590799031477 0.0375 0.06295399515738499
0 0.9421875 0.9636803874092009 0.0515625 0.07021791767554479
0 0.334375 0.6101694915254238 0.04375 0.06295399515738499
0 0.04375 0.423728813559322 0.0296875 0.04116222760290557
0 0.0484375 0.29539951573849876 0.0203125 0.0387409200968523
0 0.175 0.12590799031476999 0.028125 0.06537530266343826
0 0.4109375 0.48184019370460046 0.03125 0.0387409200968523
0 0.290625 0.4067796610169492 0.021875 0.0387409200968523
0 0.50625 0.9055690072639225 0.0328125 0.043583535108958835
0 0.703125 0.7336561743341404 0.0234375 0.043583535108958835
0 0.1546875 0.031476997578692496 0.03125 0.0387409200968523
0 0.2234375 0.7627118644067796 0.11875 0.1937046004842615
0 0.4 0.026634382566585957 0.0359375 0.05084745762711865
0 0.0578125 0.3365617433414044 0.040625 0.0387409200968523