0 0.5375 0.47755834829443444 0.5515625 0.6696588868940754
0 0.090625 0.4883303411131059 0.18125 0.44344703770197486
0 0.1078125 0.0807899461400359 0.215625 0.1615798922800718
0 0.0140625 0.9245960502692998 0.028125 0.04308797127468582
0 0.65 0.08617594254937164 0.0203125 0.02872531418312388
0 0.765625 0.8509874326750448 0.04375 0.05385996409335727
0 0.628125 0.21903052064631956 0.0734375 0.0843806104129264
0 0.5140625 0.11669658886894076 0.0484375 0.04308797127468582
0 0.4203125 0.12746858168761221 0.090625 0.08797127468581688
0 0.371875 0.06822262118491922 0.0390625 0.04129263913824058
0 0.4109375 0.0718132854578097 0.0234375 0.03052064631956912
0 0.4234375 0.04129263913824058 0.0265625 0.02872531418312388
0 0.8578125 0.19389587073608616 0.03125 0.03411131059245961
0 0.9859375 0.24236983842010773 0.0265625 0.03411131059245961
0 0.85625 0.26929982046678635 0.03125 0.03411131059245961
0 0.89375 0.26570915619389585 0.0234375 0.02872531418312388
0 0.8671875 0.3016157989228007 0.0171875 0.019748653500897665
0 0.8125 0.35368043087971274 0.046875 0.05385996409335727
0 0.78125 0.27289048473967686 0.021875 0.02333931777378815
0 0.059375 0.2926391382405745 0.040625 0.04488330341113106
0 0.103125 0.2746858168761221 0.021875 0.025134649910233394
0 0.140625 0.236983842010772 0.0125 0.01436265709156194
0 0.2765625 0.3375224416517056 0.015625 0.017953321364452424
0 0.2484375 0.08976660682226212 0.015625 0.01615798922800718
0 0.7625 0.22980251346499103 0.0203125 0.026929982046678635
0 0.715625 0.24236983842010773 0.0125 0.01615798922800718
0 0.7609375 0.3052064631956912 0.0140625 0.01615798922800718
0 0.790625 0.30341113105924594 0.015625 0.017953321364452424
0 0.8875 0.02154398563734291 0.0421875 0.04129263913824058
0 0.90625 0.1490125673249551 0.021875 0.02333931777378815
0 0.984375 0.1651705565529623 0.0234375 0.02872531418312388
0 0.89375 0.3052064631956912 0.0171875 0.017953321364452424
0 0.875 0.3644524236983842 0.028125 0.02872531418312388
0 0.8421875 0.4129263913824057 0.025 0.03052064631956912
0 0.975 0.3393177737881508 0.0234375 0.02872531418312388
0 0.9046875 0.33213644524236985 0.01875 0.026929982046678635
0 0.58125 0.12926391382405744 0.0140625 0.012567324955116697
0 0.778125 0.00718132854578097 0.015625 0.01436265709156194
0 0.5875 0.059245960502693 0.0078125 0.005385996409335727
0 0.584375 0.07540394973070018 0.009375 0.010771992818671455
0 0.571875 0.02333931777378815 0.009375 0.012567324955116697
0 0.2375 0.5511669658886894 0.0140625 0.01436265709156194
0 0.2359375 0.6104129263913824 0.0109375 0.008976660682226212
0 0.25 0.6157989228007181 0.0078125 0.012567324955116697
0 0.1921875 0.5906642728904847 0.0109375 0.01436265709156194
0 0.2 0.4398563734290844 0.0109375 0.01436265709156194
0 0.159375 0.7235188509874326 0.0234375 0.025134649910233394
0 0.05 0.7468581687612208 0.0140625 0.017953321364452424
0 0.084375 0.8258527827648114 0.015625 0.017953321364452424
0 0.2109375 0.8456014362657092 0.0203125 0.026929982046678635
0 0.0609375 0.9919210053859964 0.03125 0.01615798922800718
0 0.0140625 0.9802513464991023 0.015625 0.01615798922800718
0 0.0609375 0.9587073608617595 0.0125 0.01615798922800718
0 0.7 0.8061041292639138 0.0953125 0.12746858168761221
0 0.56640625 0.9793536804308797 0.0453125 0.04129263913824058
0 0.6484375 0.9066427289048474 0.090625 0.10771992818671454
0 0.540625 0.9174147217235189 0.0390625 0.03411131059245961
0 0.5828125 0.8850987432675045 0.0296875 0.03949730700179533
0 0.5640625 0.8276481149012568 0.0609375 0.06642728904847396
0 0.3828125 0.7450628366247756 0.0109375 0.017953321364452424
0 0.3390625 0.9066427289048474 0.0171875 0.01615798922800718
0 0.4125 0.9281867145421903 0.0390625 0.04847396768402154
0 0.403125 0.9865350089766607 0.040625 0.026929982046678635
0 0.3265625 0.8671454219030521 0.0109375 0.01615798922800718
0 0.75 0.9210053859964094 0.021875 0.02333931777378815
0 0.7546875 0.9640933572710951 0.0234375 0.02154398563734291
0 0.7359375 0.9694793536804309 0.0203125 0.026929982046678635
0 0.7125 0.9901256732495511 0.01875 0.019748653500897665
0 0.98125 0.9515260323159784 0.0375 0.06104129263913824
0 0.9515625 0.9910233393177738 0.0203125 0.017953321364452424
0 0.92890625 0.9901256732495511 0.0171875 0.019748653500897665
0 0.85625 0.9856373429084381 0.021875 0.02333931777378815
0 0.88203125 0.9919210053859964 0.0203125 0.01615798922800718
0 0.93125 0.9228007181328546 0.03125 0.03231597845601436
0 0.7921875 0.9443447037701975 0.03125 0.03231597845601436
0 0.828125 0.8043087971274686 0.0171875 0.02333931777378815
0 0.8859375 0.8581687612208259 0.0203125 0.019748653500897665
0 0.8640625 0.7145421903052065 0.015625 0.01615798922800718
0 0.740625 0.5798922800718133 0.025 0.02872531418312388
0 0.7546875 0.7450628366247756 0.0125 0.01615798922800718
0 0.9609375 0.7307001795332136 0.0171875 0.019748653500897665
0 0.98125 0.7450628366247756 0.0203125 0.02872531418312388
0 0.9296875 0.6140035906642729 0.0140625 0.01615798922800718
0 0.934375 0.6373429084380611 0.0140625 0.01436265709156194
0 0.90625 0.8276481149012568 0.015625 0.01615798922800718
0 0.8859375 0.9174147217235189 0.0125 0.017953321364452424
0 0.9609375 0.5152603231597845 0.0140625 0.017953321364452424
0 0.8625 0.4991023339317774 0.0125 0.01615798922800718
0 0.8171875 0.533213644524237 0.01875 0.025134649910233394
0 0.840625 0.6086175942549371 0.0171875 0.019748653500897665
0 0.8609375 0.5727109515260324 0.01875 0.02333931777378815
0 0.8359375 0.5655296229802513 0.015625 0.01615798922800718
0 0.8484375 0.48473967684021546 0.009375 0.012567324955116697
0 0.859375 0.48473967684021546 0.009375 0.010771992818671455
0 0.8328125 0.49730700179533216 0.0109375 0.012567324955116697
0 0.95625 0.3985637342908438 0.0109375 0.01436265709156194
0 0.9078125 0.4631956912028725 0.0203125 0.025134649910233394
0 0.9953125 0.5888689407540395 0.009375 0.02154398563734291