0 0.403125 0.6896551724137931 0.1671875 0.3132183908045977
0 0.4171875 0.8275862068965517 0.0234375 0.04310344827586207
0 0.4625 0.5574712643678161 0.0203125 0.04310344827586207
0 0.265625 0.49712643678160917 0.0359375 0.0603448275862069
0 0.1125 0.3218390804597701 0.025 0.05459770114942529
0 0.7890625 0.39655172413793105 0.1921875 0.3850574712643678
0 0.8109375 0.5574712643678161 0.0234375 0.034482758620689655
0 0.95625 0.8362068965517241 0.0453125 0.08045977011494253
0 0.659375 0.04885057471264368 0.0609375 0.09195402298850575
0 0.04375 0.10632183908045977 0.040625 0.08333333333333333
0 0.2796875 0.08620689655172414 0.0203125 0.04597701149425287
0 0.021875 0.27586206896551724 0.01875 0.034482758620689655
0 0.3625 0.3735632183908046 0.021875 0.03735632183908046
0 0.4 0.35919540229885055 0.01875 0.03735632183908046
0 0.384375 0.22413793103448276 0.028125 0.05459770114942529
0 0.45 0.29310344827586204 0.028125 0.04885057471264368
0 0.2484375 0.2614942528735632 0.0375 0.08045977011494253
0 0.2890625 0.27586206896551724 0.021875 0.040229885057471264
0 0.315625 0.32471264367816094 0.0578125 0.15517241379310345
0 0.3453125 0.3879310344827586 0.0046875 0.008620689655172414
0 0.2375 0.41379310344827586 0.0078125 0.017241379310344827
0 0.2484375 0.40804597701149425 0.0125 0.02586206896551724
0 0.23125 0.14942528735632185 0.015625 0.028735632183908046
0 0.2078125 0.1839080459770115 0.01875 0.03735632183908046
0 0.240625 0.1896551724137931 0.0078125 0.014367816091954023
0 0.1578125 0.3017241379310345 0.0390625 0.05747126436781609
0 0.125 0.27873563218390807 0.0078125 0.014367816091954023
0 0.1859375 0.031609195402298854 0.0140625 0.02586206896551724
0 0.140625 0.06321839080459771 0.0078125 0.014367816091954023
0 0.084375 0.08620689655172414 0.0078125 0.014367816091954023
0 0.109375 0.08620689655172414 0.0046875 0.011494252873563218
0 0.1125 0.06609195402298851 0.0078125 0.017241379310344827
0 0.0765625 0.15804597701149425 0.0078125 0.011494252873563218
0 0.1546875 0.6522988505747126 0.009375 0.017241379310344827
0 0.15625 0.4942528735632184 0.0109375 0.020114942528735632
0 0.190625 0.5977011494252874 0.009375 0.017241379310344827
0 0.2109375 0.5948275862068966 0.0109375 0.020114942528735632
0 0.1921875 0.5287356321839081 0.015625 0.031609195402298854
0 0.1796875 0.5344827586206896 0.0109375 0.022988505747126436
0 0.2046875 0.47413793103448276 0.00625 0.014367816091954023
0 0.2640625 0.632183908045977 0.025 0.04310344827586207
0 0.240625 0.6264367816091954 0.01875 0.03735632183908046
0 0.1984375 0.6436781609195402 0.0171875 0.034482758620689655
0 0.1859375 0.6609195402298851 0.0046875 0.008620689655172414
0 0.265625 0.6781609195402298 0.0234375 0.040229885057471264
0 0.3015625 0.6120689655172413 0.00625 0.011494252873563218
0 0.303125 0.5977011494252874 0.0078125 0.011494252873563218
0 0.1234375 0.7758620689655172 0.009375 0.014367816091954023
0 0.3015625 0.764367816091954 0.0078125 0.014367816091954023
0 0.2484375 0.7471264367816092 0.0078125 0.011494252873563218
0 0.2078125 0.8189655172413793 0.065625 0.1896551724137931
0 0.2 0.8908045977011494 0.0109375 0.020114942528735632
0 0.1671875 0.882183908045977 0.0140625 0.028735632183908046
0 0.1828125 0.9339080459770115 0.01875 0.031609195402298854
0 0.30625 0.9252873563218391 0.0171875 0.028735632183908046
0 0.25625 0.8591954022988506 0.0109375 0.022988505747126436
0 0.2890625 0.8448275862068966 0.009375 0.014367816091954023
0 0.2796875 0.8591954022988506 0.0109375 0.017241379310344827
0 0.2546875 0.9080459770114943 0.0078125 0.014367816091954023
0 0.2546875 0.9252873563218391 0.0109375 0.017241379310344827
0 0.3234375 0.896551724137931 0.0125 0.022988505747126436
0 0.309375 0.514367816091954 0.0140625 0.028735632183908046
0 0.325 0.5057471264367817 0.0078125 0.017241379310344827
0 0.33125 0.5172413793103449 0.0078125 0.014367816091954023
0 0.18125 0.367816091954023 0.009375 0.017241379310344827
0 0.2171875 0.04885057471264368 0.0046875 0.011494252873563218
0 0.178125 0.4511494252873563 0.009375 0.017241379310344827
0 0.41875 0.14080459770114942 0.009375 0.014367816091954023
0 0.4078125 0.08620689655172414 0.0046875 0.011494252873563218
0 0.4140625 0.08620689655172414 0.00625 0.011494252873563218
0 0.5328125 0.1235632183908046 0.0140625 0.02586206896551724
0 0.5515625 0.15804597701149425 0.0125 0.02586206896551724
0 0.559375 0.05172413793103448 0.015625 0.02586206896551724
0 0.5875 0.42528735632183906 0.0109375 0.020114942528735632
0 0.615625 0.3850574712643678 0.0078125 0.014367816091954023
0 0.553125 0.5316091954022989 0.009375 0.020114942528735632
0 0.4890625 0.5919540229885057 0.021875 0.04310344827586207
0 0.5984375 0.6206896551724138 0.0296875 0.06321839080459771
0 0.625 0.5574712643678161 0.04375 0.08908045977011494
0 0.5875 0.5287356321839081 0.0078125 0.020114942528735632
0 0.5765625 0.47988505747126436 0.009375 0.020114942528735632
0 0.5609375 0.4425287356321839 0.0078125 0.014367816091954023
0 0.546875 0.1896551724137931 0.00625 0.011494252873563218
0 0.53125 0.14655172413793102 0.00625 0.011494252873563218
0 0.6140625 0.21551724137931033 0.00625 0.014367816091954023
0 0.6578125 0.14367816091954022 0.00625 0.011494252873563218
0 0.7234375 0.16091954022988506 0.0046875 0.011494252873563218
0 0.728125 0.031609195402298854 0.0234375 0.034482758620689655
0 0.73125 0.017241379310344827 0.0078125 0.011494252873563218
0 0.7421875 0.07758620689655173 0.0046875 0.011494252873563218
0 0.8296875 0.11206896551724138 0.00625 0.011494252873563218
0 0.78125 0.14942528735632185 0.00625 0.011494252873563218
0 0.7484375 0.13218390804597702 0.0046875 0.008620689655172414
0 0.75625 0.1867816091954023 0.0046875 0.008620689655172414
0 0.8375 0.1925287356321839 0.0140625 0.022988505747126436
0 0.8359375 0.15517241379310345 0.021875 0.03735632183908046
0 0.8640625 0.1839080459770115 0.0140625 0.020114942528735632
0 0.9296875 0.20689655172413793 0.021875 0.03735632183908046
0 0.921875 0.08908045977011494 0.0171875 0.031609195402298854
0 0.8734375 0.034482758620689655 0.009375 0.020114942528735632
0 0.9203125 0.05172413793103448 0.00625 0.014367816091954023
0 0.4 0.9770114942528736 0.0296875 0.04597701149425287
0 0.6078125 0.9195402298850575 0.0234375 0.04885057471264368
0 0.93125 0.9367816091954023 0.0375 0.07183908045977011
0 0.871875 0.9281609195402298 0.015625 0.02586206896551724
0 0.9390625 0.6551724137931034 0.015625 0.031609195402298854
0 0.7234375 0.7844827586206896 0.015625 0.028735632183908046
0 0.8140625 0.28160919540229884 0.021875 0.03735632183908046
0 0.86875 0.2471264367816092 0.0140625 0.02586206896551724
0 0.8875 0.45689655172413796 0.0140625 0.02586206896551724
0 0.8640625 0.47413793103448276 0.0125 0.020114942528735632
0 0.896875 0.4396551724137931 0.0109375 0.017241379310344827
0 0.91875 0.5287356321839081 0.0234375 0.04885057471264368