0 0.4375 0.717948717948718 0.103125 0.24216524216524216
0 0.39375 0.6752136752136753 0.0078125 0.022792022792022793
0 0.475 0.9814814814814815 0.03125 0.037037037037037035
0 0.403125 0.9088319088319088 0.0125 0.02849002849002849
0 0.553125 0.7207977207977208 0.0078125 0.014245014245014245
0 0.4171875 0.9629629629629629 0.0125 0.022792022792022793
0 0.421875 0.9316239316239316 0.00625 0.014245014245014245
0 0.440625 0.8917378917378918 0.0046875 0.011396011396011397
0 0.4609375 0.4928774928774929 0.00625 0.008547008547008548
0 0.4125 0.47863247863247865 0.0046875 0.011396011396011397
0 0.06875 0.8005698005698005 0.0328125 0.06267806267806268
0 0.2546875 0.6581196581196581 0.0421875 0.08547008547008547
0 0.725 0.2336182336182336 0.0375 0.07122507122507123
0 0.2515625 0.23646723646723647 0.171875 0.3646723646723647
0 0.31875 0.23646723646723647 0.0296875 0.05413105413105413
0 0.4 0.045584045584045586 0.03125 0.07122507122507123
0 0.615625 0.10826210826210826 0.0203125 0.03418803418803419
0 0.884375 0.8148148148148148 0.03125 0.05982905982905983
0 0.8296875 0.7834757834757835 0.009375 0.019943019943019943
0 0.828125 0.811965811965812 0.00625 0.017094017094017096
0 0.8375 0.8376068376068376 0.009375 0.019943019943019943
0 0.84375 0.8518518518518519 0.0078125 0.014245014245014245
0 0.68125 0.905982905982906 0.021875 0.039886039886039885
0 0.6984375 0.8547008547008547 0.0109375 0.019943019943019943
0 0.690625 0.8490028490028491 0.00625 0.011396011396011397
0 0.715625 0.7977207977207977 0.00625 0.014245014245014245
0 0.709375 0.7720797720797721 0.0078125 0.017094017094017096
0 0.6984375 0.7692307692307693 0.00625 0.014245014245014245
0 0.659375 0.698005698005698 0.009375 0.017094017094017096
0 0.634375 0.7207977207977208 0.0109375 0.017094017094017096
0 0.6296875 0.717948717948718 0.0046875 0.008547008547008548
0 0.6828125 0.39316239316239315 0.0125 0.022792022792022793
0 0.6515625 0.41595441595441596 0.0078125 0.011396011396011397
0 0.628125 0.43874643874643876 0.0125 0.019943019943019943
0 0.6875 0.3418803418803419 0.0078125 0.014245014245014245
0 0.603125 0.23076923076923078 0.0109375 0.019943019943019943
0 0.671875 0.18518518518518517 0.0078125 0.011396011396011397
0 0.6515625 0.18803418803418803 0.00625 0.011396011396011397
0 0.7828125 0.3817663817663818 0.015625 0.02564102564102564
0 0.7484375 0.37606837606837606 0.0078125 0.014245014245014245
0 0.7203125 0.5726495726495726 0.0109375 0.017094017094017096
0 0.7703125 0.5213675213675214 0.0046875 0.008547008547008548
0 0.75625 0.5498575498575499 0.00625 0.014245014245014245
0 0.7875 0.7492877492877493 0.009375 0.019943019943019943
0 0.7703125 0.9401709401709402 0.0078125 0.019943019943019943
0 0.8109375 0.8575498575498576 0.0078125 0.014245014245014245
0 0.7421875 0.8945868945868946 0.0046875 0.011396011396011397
0 0.696875 0.4843304843304843 0.009375 0.017094017094017096
0 0.6578125 0.45014245014245013 0.0140625 0.02564102564102564
0 0.659375 0.46438746438746437 0.0078125 0.014245014245014245
0 0.2953125 0.8205128205128205 0.0203125 0.037037037037037035
0 0.3046875 0.7863247863247863 0.0171875 0.03133903133903134
0 0.2875 0.8290598290598291 0.00625 0.014245014245014245
0 0.246875 0.7635327635327636 0.009375 0.014245014245014245
0 0.1828125 0.6894586894586895 0.0109375 0.017094017094017096
0 0.9203125 0.1623931623931624 0.0125 0.02564102564102564
0 0.85 0.15669515669515668 0.0125 0.022792022792022793
0 0.915625 0.2934472934472934 0.0609375 0.1168091168091168
0 0.8890625 0.31339031339031337 0.009375 0.017094017094017096
0 0.8796875 0.26495726495726496 0.009375 0.017094017094017096
0 0.884375 0.27635327635327633 0.0078125 0.014245014245014245
0 0.821875 0.2678062678062678 0.015625 0.02564102564102564
0 0.96875 0.2934472934472934 0.0125 0.019943019943019943
0 0.8421875 0.42735042735042733 0.0078125 0.017094017094017096
0 0.8375 0.34472934472934474 0.009375 0.019943019943019943
0 0.89375 0.022792022792022793 0.009375 0.017094017094017096
0 0.7578125 0.07407407407407407 0.015625 0.02849002849002849
0 0.715625 0.16524216524216523 0.0078125 0.017094017094017096
0 0.86875 0.1168091168091168 0.0078125 0.017094017094017096
0 0.834375 0.05413105413105413 0.00625 0.011396011396011397
0 0.81875 0.09116809116809117 0.00625 0.008547008547008548
0 0.771875 0.005698005698005698 0.009375 0.011396011396011397
0 0.7375 0.05982905982905983 0.0046875 0.011396011396011397
0 0.8890625 0.05413105413105413 0.00625 0.011396011396011397
0 0.921875 0.10256410256410256 0.0078125 0.017094017094017096
0 0.9765625 0.09686609686609686 0.00625 0.014245014245014245
0 0.9703125 0.045584045584045586 0.0109375 0.019943019943019943
0 0.896875 0.150997150997151 0.0125 0.022792022792022793
0 0.9375 0.20797720797720798 0.0078125 0.014245014245014245
0 0.7734375 0.2849002849002849 0.0078125 0.014245014245014245
0 0.690625 0.022792022792022793 0.0171875 0.02849002849002849
0 0.6953125 0.042735042735042736 0.0140625 0.02564102564102564
0 0.7375 0.33048433048433046 0.0140625 0.022792022792022793
0 0.8484375 0.5384615384615384 0.0078125 0.014245014245014245
0 0.8234375 0.4757834757834758 0.0078125 0.014245014245014245
0 0.728125 0.49002849002849 0.01875 0.037037037037037035
0 0.746875 0.45584045584045585 0.009375 0.014245014245014245
0 0.746875 0.4757834757834758 0.0140625 0.019943019943019943
0 0.4140625 0.43304843304843305 0.0234375 0.042735042735042736
0 0.5140625 0.24216524216524216 0.0109375 0.019943019943019943
0 0.40625 0.18518518518518517 0.0109375 0.019943019943019943
0 0.4125 0.19658119658119658 0.009375 0.017094017094017096
0 0.4109375 0.20797720797720798 0.0078125 0.014245014245014245
0 0.4578125 0.1396011396011396 0.0109375 0.017094017094017096
0 0.4515625 0.07122507122507123 0.009375 0.019943019943019943
0 0.575 0.14245014245014245 0.009375 0.019943019943019943
0 0.6125 0.9458689458689459 0.0109375 0.019943019943019943
0 0.5890625 0.9629629629629629 0.0109375 0.017094017094017096
0 0.5953125 0.811965811965812 0.0078125 0.014245014245014245
0 0.5625 0.8091168091168092 0.00625 0.008547008547008548