0 0.1828125 0.8746438746438746 0.1109375 0.22507122507122507
0 0.2328125 0.5555555555555556 0.034375 0.05982905982905983
0 0.528125 0.358974358974359 0.0359375 0.06267806267806268
0 0.4703125 0.02849002849002849 0.0328125 0.05413105413105413
0 0.54375 0.08831908831908832 0.01875 0.03418803418803419
0 0.1765625 0.03418803418803419 0.03125 0.05413105413105413
0 0.06875 0.7806267806267806 0.015625 0.03418803418803419
0 0.1171875 0.7321937321937322 0.0171875 0.03133903133903134
0 0.1328125 0.7008547008547008 0.0171875 0.03133903133903134
0 0.271875 0.9145299145299145 0.0125 0.022792022792022793
0 0.1390625 0.9287749287749287 0.0140625 0.019943019943019943
0 0.1328125 0.9829059829059829 0.0109375 0.019943019943019943
0 0.575 0.50997150997151 0.021875 0.039886039886039885
0 0.45625 0.9458689458689459 0.04375 0.08547008547008547
0 0.459375 0.9886039886039886 0.0109375 0.017094017094017096
0 0.271875 0.23931623931623933 0.01875 0.03418803418803419
0 0.2984375 0.21652421652421652 0.025 0.039886039886039885
0 0.7921875 0.4188034188034188 0.034375 0.05982905982905983
0 0.803125 0.4017094017094017 0.009375 0.019943019943019943
0 0.7953125 0.4985754985754986 0.0140625 0.02564102564102564
0 0.8875 0.09971509971509972 0.021875 0.039886039886039885
0 0.8765625 0.2849002849002849 0.0171875 0.02849002849002849
0 0.925 0.2336182336182336 0.015625 0.03133903133903134
0 0.9328125 0.28205128205128205 0.025 0.045584045584045586
0 0.971875 0.28774928774928776 0.0265625 0.045584045584045586
0 0.9859375 0.245014245014245 0.0125 0.02564102564102564
0 0.3890625 0.3646723646723647 0.0125 0.022792022792022793
0 0.421875 0.35327635327635326 0.0140625 0.02849002849002849
0 0.5875 0.15384615384615385 0.0734375 0.1225071225071225
0 0.628125 0.039886039886039885 0.0671875 0.07692307692307693
0 0.278125 0.9786324786324786 0.025 0.042735042735042736
0 0.3140625 0.9814814814814815 0.021875 0.037037037037037035
0 0.3796875 0.8091168091168092 0.0125 0.022792022792022793
0 0.9078125 0.8233618233618234 0.01875 0.03418803418803419
0 0.9328125 0.5270655270655271 0.0203125 0.039886039886039885
0 0.3859375 0.7635327635327636 0.0171875 0.037037037037037035
0 0.4328125 0.7407407407407407 0.0140625 0.02849002849002849
0 0.3125 0.7037037037037037 0.015625 0.02849002849002849
0 0.4671875 0.8176638176638177 0.0125 0.02849002849002849
0 0.5015625 0.8461538461538461 0.0125 0.02564102564102564
0 0.134375 0.23076923076923078 0.0109375 0.02564102564102564
0 0.0046875 0.08831908831908832 0.009375 0.022792022792022793
0 0.4375 0.15669515669515668 0.0125 0.022792022792022793
0 0.509375 0.301994301994302 0.0109375 0.019943019943019943
0 0.496875 0.46153846153846156 0.0109375 0.02564102564102564
0 0.5765625 0.5641025641025641 0.0125 0.022792022792022793
0 0.70625 0.07407407407407407 0.021875 0.042735042735042736
0 0.728125 0.2022792022792023 0.0140625 0.02564102564102564
0 0.7328125 0.06267806267806268 0.0125 0.02849002849002849
0 0.646875 0.41025641025641024 0.0125 0.019943019943019943
0 0.5609375 0.4358974358974359 0.0390625 0.05698005698005698
0 0.5609375 0.4757834757834758 0.0140625 0.02564102564102564
0 0.640625 0.584045584045584 0.0171875 0.037037037037037035
0 0.2078125 0.13105413105413105 0.0125 0.02564102564102564
0 0.4078125 0.7122507122507122 0.0203125 0.039886039886039885
0 0.6171875 0.7834757834757835 0.03125 0.07692307692307693
0 0.71875 0.6809116809116809 0.01875 0.039886039886039885
0 0.725 0.8034188034188035 0.01875 0.042735042735042736
0 0.840625 0.9316239316239316 0.0140625 0.02849002849002849
0 0.909375 0.7435897435897436 0.0125 0.02849002849002849
0 0.965625 0.6524216524216524 0.0140625 0.02564102564102564
0 0.815625 0.3789173789173789 0.015625 0.02849002849002849
0 0.278125 0.16809116809116809 0.009375 0.017094017094017096
0 0.2984375 0.18803418803418803 0.0109375 0.019943019943019943
0 0.08125 0.6837606837606838 0.0125 0.02849002849002849
0 0.0953125 0.6780626780626781 0.0125 0.02564102564102564
0 0.103125 0.9002849002849003 0.0140625 0.02849002849002849
0 0.6328125 0.717948717948718 0.03125 0.05698005698005698
0 0.453125 0.09971509971509972 0.009375 0.019943019943019943
0 0.96171875 0.8846153846153846 0.0734375 0.23076923076923078
0 0.8375 0.46153846153846156 0.0109375 0.022792022792022793
0 0.8921875 0.49572649572649574 0.009375 0.017094017094017096
0 0.1953125 0.5071225071225072 0.0125 0.022792022792022793
0 0.2109375 0.6837606837606838 0.0125 0.022792022792022793
0 0.0296875 0.03418803418803419 0.0125 0.02564102564102564
0 0.9609375 0.014245014245014245 0.0140625 0.019943019943019943
0 0.8984375 0.17663817663817663 0.0140625 0.02564102564102564
0 0.89375 0.24786324786324787 0.0125 0.022792022792022793
0 0.909375 0.26495726495726496 0.009375 0.017094017094017096
0 0.7828125 0.27350427350427353 0.0109375 0.02849002849002849
0 0.853125 0.18518518518518517 0.0109375 0.019943019943019943
0 0.828125 0.08262108262108261 0.009375 0.019943019943019943
0 0.8046875 0.04843304843304843 0.009375 0.017094017094017096
0 0.934375 0.42735042735042733 0.0125 0.022792022792022793
0 0.6265625 0.5925925925925926 0.009375 0.017094017094017096
0 0.4984375 0.7863247863247863 0.009375 0.022792022792022793
0 0.5828125 0.584045584045584 0.009375 0.017094017094017096
0 0.5796875 0.7435897435897436 0.0171875 0.03418803418803419
0 0.6140625 0.6210826210826211 0.009375 0.022792022792022793
0 0.925 0.6381766381766382 0.0078125 0.017094017094017096
0 0.9890625 0.4358974358974359 0.009375 0.022792022792022793
0 0.9625 0.358974358974359 0.009375 0.019943019943019943
0 0.725 0.4843304843304843 0.0171875 0.03133903133903134
0 0.7171875 0.7692307692307693 0.009375 0.017094017094017096
0 0.9625 0.6809116809116809 0.0078125 0.017094017094017096
0 0.7421875 0.5868945868945868 0.009375 0.017094017094017096
0 0.4296875 0.1168091168091168 0.009375 0.019943019943019943
0 0.703125 0.4415954415954416 0.0078125 0.017094017094017096
0 0.728125 0.3732193732193732 0.009375 0.017094017094017096
0 0.8890625 0.7378917378917379 0.009375 0.022792022792022793
0 0.6 0.7264957264957265 0.0078125 0.017094017094017096
0 0.571875 0.792022792022792 0.009375 0.019943019943019943
0 0.4796875 0.603988603988604 0.009375 0.022792022792022793