0 0.0578125 0.52 0.040625 0.054285714285714284
0 0.3921875 0.38285714285714284 0.084375 0.1657142857142857
0 0.703125 0.5971428571428572 0.0421875 0.06857142857142857
0 0.621875 0.7314285714285714 0.03125 0.05714285714285714
0 0.3609375 0.8085714285714286 0.0265625 0.06
0 0.253125 0.7542857142857143 0.0234375 0.05142857142857143
0 0.2078125 0.2257142857142857 0.0203125 0.02857142857142857
0 0.4453125 0.21714285714285714 0.034375 0.06
0 0.1234375 0.5885714285714285 0.0328125 0.05714285714285714
0 0.8921875 0.6628571428571428 0.0328125 0.05714285714285714
0 0.0140625 0.9485714285714286 0.0234375 0.03428571428571429
0 0.05625 0.8342857142857143 0.021875 0.054285714285714284
0 0.2390625 0.6742857142857143 0.0328125 0.07142857142857142
0 0.1625 0.5228571428571429 0.03125 0.054285714285714284
0 0.128125 0.4742857142857143 0.03125 0.06571428571428571
0 0.2984375 0.14 0.0296875 0.04
0 0.334375 0.14285714285714285 0.021875 0.037142857142857144
0 0.575 0.5857142857142857 0.0234375 0.04
0 0.49375 0.7314285714285714 0.021875 0.037142857142857144
0 0.0765625 0.8057142857142857 0.021875 0.037142857142857144
0 0.1375 0.26571428571428574 0.021875 0.037142857142857144
0 0.31875 0.6285714285714286 0.0234375 0.06571428571428571
0 0.4296875 0.5942857142857143 0.0265625 0.04285714285714286
0 0.615625 0.3742857142857143 0.021875 0.04
0 0.4234375 0.27714285714285714 0.065625 0.07428571428571429
0 0.7796875 0.04 0.01875 0.03428571428571429
0 0.665625 0.2057142857142857 0.0203125 0.037142857142857144
0 0.5765625 0.18 0.01875 0.03142857142857143
0 0.7828125 0.39714285714285713 0.021875 0.037142857142857144
0 0.5609375 0.6428571428571429 0.0453125 0.08
0 0.525 0.43142857142857144 0.0234375 0.04