0 0.7671875 0.5201149425287356 0.159375 0.27586206896551724
0 0.8546875 0.20114942528735633 0.084375 0.16954022988505746
0 0.40625 0.28160919540229884 0.034375 0.06321839080459771
0 0.0796875 0.3448275862068966 0.0421875 0.06321839080459771
0 0.1484375 0.27586206896551724 0.028125 0.04310344827586207
0 0.11171875 0.9525862068965517 0.0515625 0.09482758620689655
0 0.296875 0.6293103448275862 0.03125 0.05747126436781609
0 0.3140625 0.6609195402298851 0.0171875 0.028735632183908046
0 0.375 0.48563218390804597 0.028125 0.05459770114942529
0 0.9421875 0.7241379310344828 0.10625 0.20977011494252873
0 0.971875 0.9080459770114943 0.05 0.08333333333333333
0 0.4828125 0.9080459770114943 0.0390625 0.07758620689655173
0 0.640625 0.1752873563218391 0.115625 0.2442528735632184
0 0.171875 0.11206896551724138 0.0859375 0.22413793103448276
0 0.1703125 0.9109195402298851 0.0265625 0.04885057471264368
0 0.3859375 0.5804597701149425 0.025 0.04310344827586207
0 0.7578125 0.6810344827586207 0.021875 0.040229885057471264
0 0.796875 0.735632183908046 0.0265625 0.04597701149425287
0 0.965625 0.2413793103448276 0.0296875 0.05172413793103448
0 0.2234375 0.25287356321839083 0.0296875 0.04885057471264368
0 0.5546875 0.03735632183908046 0.01875 0.040229885057471264
0 0.4515625 0.10919540229885058 0.0203125 0.034482758620689655
0 0.1 0.7442528735632183 0.059375 0.12931034482758622
0 0.434375 0.7672413793103449 0.0203125 0.040229885057471264
0 0.4953125 0.6264367816091954 0.01875 0.034482758620689655
0 0.3265625 0.9827586206896551 0.025 0.034482758620689655
0 0.5015625 0.09770114942528736 0.0203125 0.028735632183908046
0 0.425 0.06896551724137931 0.0265625 0.04597701149425287