0 0.3359375 0.14655172413793102 0.0796875 0.1724137931034483
0 0.1109375 0.4942528735632184 0.090625 0.25287356321839083
0 0.6171875 0.5747126436781609 0.0375 0.07471264367816093
0 0.6 0.3390804597701149 0.0328125 0.0603448275862069
0 0.734375 0.22701149425287356 0.025 0.040229885057471264
0 0.753125 0.3706896551724138 0.0296875 0.05459770114942529
0 0.7234375 0.2672413793103448 0.01875 0.034482758620689655
0 0.9671875 0.6494252873563219 0.0328125 0.06321839080459771
0 0.6890625 0.7385057471264368 0.01875 0.034482758620689655
0 0.65625 0.5574712643678161 0.025 0.04597701149425287
0 0.2265625 0.8390804597701149 0.028125 0.04310344827586207
0 0.2484375 0.8045977011494253 0.0125 0.02586206896551724
0 0.1578125 0.7471264367816092 0.01875 0.03735632183908046
0 0.0296875 0.7385057471264368 0.0171875 0.03735632183908046
0 0.04140625 0.9094827586206896 0.0828125 0.1810344827586207
0 0.0640625 0.8591954022988506 0.0125 0.022988505747126436
0 0.0609375 0.35344827586206895 0.01875 0.028735632183908046
0 0.2515625 0.4281609195402299 0.0171875 0.031609195402298854
0 0.3421875 0.45977011494252873 0.0171875 0.034482758620689655
0 0.434375 0.29022988505747127 0.0171875 0.034482758620689655
0 0.4765625 0.3132183908045977 0.0140625 0.02586206896551724
0 0.6265625 0.1206896551724138 0.015625 0.02586206896551724
0 0.90703125 0.9640804597701149 0.0703125 0.07183908045977011
0 0.1453125 0.9683908045977011 0.021875 0.04310344827586207
0 0.1359375 0.992816091954023 0.01875 0.014367816091954023
0 0.14375 0.8419540229885057 0.028125 0.04885057471264368
0 0.2015625 0.8448275862068966 0.0171875 0.040229885057471264
0 0.38125 0.3620689655172414 0.0125 0.02586206896551724
0 0.1265625 0.16666666666666666 0.0125 0.02586206896551724
0 0.065625 0.20114942528735633 0.0140625 0.022988505747126436
0 0.0234375 0.27298850574712646 0.0109375 0.020114942528735632
0 0.13125 0.040229885057471264 0.0140625 0.028735632183908046
0 0.7390625 0.5057471264367817 0.015625 0.028735632183908046
0 0.8546875 0.10919540229885058 0.0171875 0.031609195402298854
0 0.9203125 0.27298850574712646 0.01875 0.031609195402298854
0 0.465625 0.8994252873563219 0.0171875 0.031609195402298854
0 0.2953125 0.8189655172413793 0.0125 0.02586206896551724
0 0.2578125 0.9597701149425287 0.0140625 0.028735632183908046
0 0.1203125 0.9224137931034483 0.0203125 0.034482758620689655
0 0.1125 0.8591954022988506 0.0140625 0.022988505747126436
0 0.1140625 0.9770114942528736 0.0234375 0.04310344827586207
0 0.13125 0.7212643678160919 0.028125 0.04310344827586207
0 0.1328125 0.7758620689655172 0.021875 0.04885057471264368
0 0.134375 0.08620689655172414 0.0109375 0.022988505747126436
0 0.0546875 0.46551724137931033 0.0109375 0.022988505747126436
0 0.0765625 0.4109195402298851 0.0109375 0.020114942528735632
0 0.084375 0.5517241379310345 0.0109375 0.020114942528735632
0 0.1984375 0.4051724137931034 0.0125 0.022988505747126436
0 0.1578125 0.367816091954023 0.0109375 0.020114942528735632
0 0.2515625 0.5028735632183908 0.009375 0.022988505747126436
0 0.3765625 0.21264367816091953 0.0109375 0.020114942528735632
0 0.428125 0.020114942528735632 0.009375 0.020114942528735632
0 0.2546875 0.7413793103448276 0.0234375 0.040229885057471264
0 0.2921875 0.8793103448275862 0.0203125 0.034482758620689655
0 0.175 0.9597701149425287 0.0109375 0.028735632183908046
0 0.484375 0.882183908045977 0.0140625 0.028735632183908046
0 0.5140625 0.8706896551724138 0.0203125 0.040229885057471264
0 0.4515625 0.8505747126436781 0.0109375 0.022988505747126436
0 0.51875 0.7988505747126436 0.0171875 0.031609195402298854
0 0.3953125 0.6637931034482759 0.0140625 0.02586206896551724
0 0.434375 0.75 0.0203125 0.040229885057471264
0 0.7046875 0.7212643678160919 0.015625 0.028735632183908046
0 0.7640625 0.6580459770114943 0.0140625 0.02586206896551724
0 0.74375 0.9252873563218391 0.0171875 0.034482758620689655
0 0.775 0.8448275862068966 0.0171875 0.031609195402298854
0 0.8609375 0.9080459770114943 0.0140625 0.02586206896551724
0 0.59375 0.9137931034482759 0.0125 0.02586206896551724
0 0.678125 0.28735632183908044 0.0234375 0.034482758620689655
0 0.7921875 0.06321839080459771 0.0125 0.02586206896551724
0 0.8765625 0.2442528735632184 0.0125 0.020114942528735632
0 0.946875 0.26436781609195403 0.0125 0.02586206896551724
0 0.9359375 0.16666666666666666 0.0203125 0.034482758620689655
0 0.028125 0.5459770114942529 0.0265625 0.04310344827586207
0 0.059375 0.646551724137931 0.01875 0.031609195402298854
0 0.0984375 0.6896551724137931 0.009375 0.020114942528735632
0 0.1421875 0.6637931034482759 0.015625 0.031609195402298854
0 0.1140625 0.6810344827586207 0.0140625 0.02586206896551724
0 0.275 0.514367816091954 0.0125 0.022988505747126436
0 0.2375 0.27011494252873564 0.0109375 0.020114942528735632
0 0.1859375 0.12643678160919541 0.009375 0.022988505747126436
0 0.0390625 0.06896551724137931 0.009375 0.020114942528735632
0 0.60625 0.08908045977011494 0.0109375 0.02586206896551724
0 0.65625 0.05459770114942529 0.0125 0.02586206896551724
0 0.809375 0.15229885057471265 0.015625 0.031609195402298854
0 0.8953125 0.11206896551724138 0.015625 0.02586206896551724
0 0.6640625 0.022988505747126436 0.0140625 0.022988505747126436
0 0.825 0.011494252873563218 0.0125 0.020114942528735632
0 0.7171875 0.4224137931034483 0.0140625 0.03735632183908046
0 0.571875 0.7758620689655172 0.0125 0.02586206896551724
0 0.5640625 0.8620689655172413 0.0125 0.031609195402298854
0 0.5375 0.5316091954022989 0.0140625 0.028735632183908046
0 0.625 0.3275862068965517 0.0109375 0.020114942528735632
0 0.5609375 0.9367816091954023 0.015625 0.031609195402298854
0 0.2984375 0.7672413793103449 0.009375 0.020114942528735632
0 0.51875 0.014367816091954023 0.0109375 0.022988505747126436
0 0.065625 0.7385057471264368 0.009375 0.020114942528735632
0 0.0421875 0.8247126436781609 0.0109375 0.017241379310344827
0 0.1046875 0.9367816091954023 0.0078125 0.020114942528735632
0 0.528125 0.4166666666666667 0.009375 0.017241379310344827
0 0.5234375 0.7528735632183908 0.0109375 0.022988505747126436
0 0.678125 0.8132183908045977 0.009375 0.022988505747126436
0 0.6890625 0.8390804597701149 0.009375 0.020114942528735632
0 0.6640625 0.9798850574712644 0.0125 0.02586206896551724
0 0.9390625 0.6264367816091954 0.0125 0.02586206896551724
0 0.99375 0.514367816091954 0.009375 0.020114942528735632
0 0.984375 0.5833333333333334 0.009375 0.017241379310344827
0 0.959375 0.5517241379310345 0.009375 0.020114942528735632
0 0.903125 0.5517241379310345 0.0125 0.020114942528735632
0 0.6 0.9798850574712644 0.0109375 0.022988505747126436
0 0.6234375 0.15229885057471265 0.009375 0.020114942528735632
0 0.7015625 0.21839080459770116 0.0109375 0.022988505747126436
0 0.7140625 0.22988505747126436 0.009375 0.020114942528735632
0 0.6390625 0.28448275862068967 0.009375 0.017241379310344827
0 0.5484375 0.26436781609195403 0.0125 0.022988505747126436
0 0.7390625 0.1752873563218391 0.0109375 0.020114942528735632
0 0.3484375 0.04310344827586207 0.009375 0.017241379310344827
0 0.303125 0.017241379310344827 0.0109375 0.028735632183908046
0 0.3625 0.3735632183908046 0.009375 0.020114942528735632
0 0.6875 0.3649425287356322 0.0078125 0.017241379310344827
0 0.6625 0.4827586206896552 0.01875 0.031609195402298854
0 0.6140625 0.7902298850574713 0.009375 0.017241379310344827
0 0.0859375 0.15804597701149425 0.01875 0.034482758620689655
0 0.9421875 0.08620689655172414 0.009375 0.020114942528735632
0 0.8859375 0.4885057471264368 0.0109375 0.02586206896551724
0 0.871875 0.5488505747126436 0.009375 0.022988505747126436
0 0.8234375 0.5517241379310345 0.009375 0.020114942528735632
0 0.7546875 0.7672413793103449 0.0109375 0.022988505747126436
0 0.78125 0.8017241379310345 0.0109375 0.022988505747126436
0 0.8765625 0.9511494252873564 0.009375 0.017241379310344827
0 0.89375 0.8649425287356322 0.0125 0.022988505747126436
0 0.8453125 0.7614942528735632 0.009375 0.017241379310344827
0 0.884375 0.7528735632183908 0.009375 0.020114942528735632
0 0.8328125 0.6091954022988506 0.0109375 0.020114942528735632
0 0.790625 0.5977011494252874 0.0078125 0.017241379310344827
0 0.7609375 0.6982758620689655 0.009375 0.020114942528735632
0 0.884375 0.3706896551724138 0.0125 0.020114942528735632
0 0.9046875 0.3850574712643678 0.0109375 0.031609195402298854
0 0.9859375 0.29310344827586204 0.0109375 0.020114942528735632
0 0.8796875 0.3074712643678161 0.0078125 0.014367816091954023
0 0.4234375 0.6235632183908046 0.009375 0.020114942528735632
0 0.8078125 0.2959770114942529 0.0109375 0.020114942528735632