0 0.29375 0.792507204610951 0.14375 0.2910662824207493
0 0.678125 0.207492795389049 0.103125 0.2420749279538905
0 0.8609375 0.09221902017291066 0.078125 0.11239193083573487
0 0.1015625 0.5821325648414986 0.09375 0.17002881844380405
0 0.3140625 0.31412103746397696 0.0703125 0.12103746397694524
0 0.2125 0.1037463976945245 0.0515625 0.09510086455331412
0 0.521875 0.08357348703170028 0.0546875 0.08357348703170028
0 0.4140625 0.4553314121037464 0.040625 0.06340057636887608
0 0.64375 0.5244956772334294 0.025 0.06340057636887608
0 0.665625 0.6023054755043228 0.0265625 0.05763688760806916
0 0.2375 0.5014409221902018 0.0375 0.07780979827089338
0 0.196875 0.42363112391930835 0.0421875 0.08069164265129683
0 0.21875 0.2420749279538905 0.025 0.07204610951008646
0 0.303125 0.19020172910662825 0.0265625 0.06628242074927954
0 0.3890625 0.19596541786743515 0.0265625 0.05187319884726225
0 0.3484375 0.2564841498559078 0.025 0.04899135446685879
0 0.346875 0.0893371757925072 0.0640625 0.08069164265129683
0 0.5515625 0.3256484149855908 0.034375 0.06051873198847262
0 0.775 0.25936599423631124 0.021875 0.06051873198847262
0 0.58125 0.6167146974063401 0.040625 0.08357348703170028
0 0.6625 0.6945244956772334 0.0390625 0.07780979827089338
0 0.4046875 0.6051873198847262 0.040625 0.04899135446685879
0 0.0640625 0.4207492795389049 0.0375 0.06628242074927954
0 0.0109375 0.5100864553314121 0.021875 0.05475504322766571
0 0.13125 0.05475504322766571 0.0390625 0.09510086455331412
0 0.40625 0.06340057636887608 0.0515625 0.12680115273775217
0 0.821875 0.7694524495677233 0.0296875 0.04899135446685879
0 0.0171875 0.7665706051873199 0.034375 0.05763688760806916
0 0.16875 0.9221902017291066 0.034375 0.06051873198847262
0 0.13125 0.9337175792507204 0.0421875 0.10951008645533142
0 0.5328125 0.48703170028818443 0.01875 0.040345821325648415
0 0.884375 0.7175792507204611 0.0203125 0.043227665706051875
0 0.98125 0.8040345821325648 0.0296875 0.04899135446685879
0 0.5703125 0.14985590778097982 0.01875 0.04610951008645533
0 0.5921875 0.2737752161383285 0.021875 0.040345821325648415
0 0.6375 0.3804034582132565 0.0234375 0.03170028818443804
0 0.5125 0.49279538904899134 0.0234375 0.043227665706051875
0 0.2796875 0.48703170028818443 0.0265625 0.040345821325648415
0 0.240625 0.31412103746397696 0.0203125 0.03170028818443804
0 0.0640625 0.23054755043227665 0.0984375 0.16714697406340057
0 0.9859375 0.9337175792507204 0.0265625 0.1239193083573487
0 0.8703125 0.38904899135446686 0.0296875 0.03170028818443804
0 0.9171875 0.37175792507204614 0.025 0.05475504322766571
0 0.9875 0.414985590778098 0.021875 0.037463976945244955
0 0.459375 0.6455331412103746 0.025 0.04899135446685879
0 0.4234375 0.6426512968299711 0.01875 0.0345821325648415
0 0.3984375 0.3659942363112392 0.028125 0.07204610951008646
0 0.2796875 0.41786743515850144 0.021875 0.037463976945244955
0 0.165625 0.17579250720461095 0.025 0.040345821325648415
0 0.19375 0.2824207492795389 0.0171875 0.03170028818443804
0 0.08125 0.9596541786743515 0.0265625 0.05187319884726225
0 0.0640625 0.7579250720461095 0.0203125 0.0345821325648415
0 0.1625 0.7377521613832853 0.025 0.06051873198847262
0 0.0171875 0.414985590778098 0.0328125 0.08069164265129683
0 0.040625 0.4783861671469741 0.028125 0.037463976945244955
0 0.5921875 0.1988472622478386 0.015625 0.0345821325648415
0 0.621875 0.6311239193083573 0.01875 0.03170028818443804
0 0.39375 0.5389048991354467 0.0234375 0.05187319884726225
0 0.240625 0.5561959654178674 0.0203125 0.0345821325648415
0 0.265625 0.5360230547550432 0.0265625 0.05475504322766571
0 0.025 0.8443804034582133 0.0265625 0.02881844380403458
0 0.0140625 0.9164265129682997 0.0140625 0.02881844380403458