0 0.6265625 0.4154727793696275 0.075 0.1346704871060172
0 0.43125 0.501432664756447 0.034375 0.04871060171919771
0 0.3515625 0.3868194842406877 0.0234375 0.034383954154727794
0 0.3 0.7249283667621776 0.0125 0.022922636103151862
0 0.36875 0.7306590257879656 0.015625 0.02865329512893983
0 0.571875 0.8137535816618912 0.0203125 0.03151862464183381
0 0.4890625 0.05157593123209169 0.0203125 0.03151862464183381
0 0.9578125 0.2979942693409742 0.0234375 0.034383954154727794
0 0.9375 0.7478510028653295 0.01875 0.03151862464183381
0 0.071875 0.10315186246418338 0.015625 0.022922636103151862
0 0.1734375 0.2664756446991404 0.0125 0.022922636103151862
0 0.2140625 0.07449856733524356 0.0125 0.02005730659025788
0 0.303125 0.5873925501432665 0.0234375 0.034383954154727794
0 0.496875 0.9111747851002865 0.0125 0.02005730659025788
0 0.5984375 0.9426934097421203 0.0125 0.022922636103151862
0 0.659375 0.830945558739255 0.0125 0.02865329512893983
0 0.6765625 0.8567335243553008 0.0125 0.022922636103151862
0 0.9140625 0.7879656160458453 0.0234375 0.02865329512893983
0 0.959375 0.8739255014326648 0.0125 0.02005730659025788
0 0.9828125 0.8968481375358166 0.0109375 0.02005730659025788
0 0.9796875 0.04871060171919771 0.0171875 0.02865329512893983
0 0.975 0.0830945558739255 0.0109375 0.02005730659025788
0 0.7921875 0.02005730659025788 0.0125 0.02005730659025788
0 0.7390625 0.09455587392550144 0.0109375 0.017191977077363897
0 0.6859375 0.12034383954154727 0.0125 0.02005730659025788
0 0.76875 0.19484240687679083 0.009375 0.017191977077363897
0 0.7015625 0.29512893982808025 0.0109375 0.017191977077363897
0 0.7546875 0.24641833810888253 0.009375 0.02005730659025788
0 0.771875 0.3123209169054441 0.0109375 0.02005730659025788
0 0.4734375 0.2808022922636103 0.009375 0.014326647564469915
0 0.3375 0.18911174785100288 0.0125 0.02005730659025788
0 0.23125 0.2836676217765043 0.0171875 0.02865329512893983
0 0.00625 0.33810888252148996 0.0109375 0.08595988538681948
0 0.1078125 0.5071633237822349 0.0125 0.02005730659025788
0 0.36875 0.9656160458452722 0.0125 0.022922636103151862
0 0.3828125 0.9856733524355301 0.0109375 0.02005730659025788
0 0.4046875 0.9627507163323782 0.0109375 0.02005730659025788
0 0.2703125 0.9828080229226361 0.0125 0.022922636103151862
0 0.0640625 0.6332378223495702 0.0125 0.017191977077363897
0 0.0328125 0.7363896848137536 0.009375 0.017191977077363897
0 0.603125 0.1833810888252149 0.0125 0.02005730659025788
0 0.6171875 0.17765042979942694 0.0109375 0.014326647564469915
0 0.875 0.2607449856733524 0.0109375 0.02005730659025788
0 0.8875 0.29512893982808025 0.0109375 0.017191977077363897
0 0.9109375 0.40974212034383956 0.009375 0.02005730659025788
0 0.890625 0.42406876790830944 0.01875 0.03724928366762178
0 0.9875 0.6160458452722063 0.025 0.1346704871060172
0 0.878125 0.5759312320916905 0.009375 0.017191977077363897
0 0.903125 0.6504297994269341 0.009375 0.017191977077363897
0 0.90625 0.5358166189111748 0.0109375 0.02005730659025788
0 0.865625 0.09455587392550144 0.0078125 0.014326647564469915
0 0.10625 0.6962750716332379 0.0203125 0.034383954154727794
0 0.009375 0.8108882521489972 0.009375 0.017191977077363897
0 0.2515625 0.9283667621776505 0.0125 0.02005730659025788
0 0.35625 0.8653295128939829 0.0171875 0.017191977077363897
0 0.3421875 0.7936962750716332 0.009375 0.017191977077363897
0 0.6546875 0.5587392550143266 0.0109375 0.02005730659025788
0 0.3703125 0.16905444126074498 0.009375 0.017191977077363897
0 0.34375 0.16905444126074498 0.0078125 0.017191977077363897
0 0.1171875 0.07163323782234957 0.0109375 0.014326647564469915
0 0.0453125 0.04871060171919771 0.009375 0.014326647564469915
0 0.00625 0.12320916905444126 0.0109375 0.022922636103151862
0 0.0328125 0.12893982808022922 0.009375 0.014326647564469915
0 0.0296875 0.1489971346704871 0.0078125 0.014326647564469915
0 0.2875 0.011461318051575931 0.0078125 0.017191977077363897
0 0.4 0.10601719197707736 0.009375 0.017191977077363897
0 0.3796875 0.04011461318051576 0.009375 0.017191977077363897
0 0.4734375 0.08882521489971347 0.015625 0.022922636103151862
0 0.6703125 0.08882521489971347 0.0109375 0.017191977077363897
0 0.6359375 0.06876790830945559 0.009375 0.02005730659025788
0 0.7890625 0.06303724928366762 0.0078125 0.011461318051575931
0 0.8640625 0.09455587392550144 0.009375 0.017191977077363897
0 0.8859375 0.1833810888252149 0.009375 0.02005730659025788
0 0.775 0.7249283667621776 0.0109375 0.017191977077363897
0 0.721875 0.7736389684813754 0.0125 0.022922636103151862
0 0.74375 0.7306590257879656 0.015625 0.04297994269340974
0 0.653125 0.7134670487106017 0.0078125 0.017191977077363897
0 0.06875 0.8911174785100286 0.0078125 0.014326647564469915
0 0.103125 0.9369627507163324 0.0078125 0.008595988538681949
0 0.4171875 0.5845272206303725 0.0125 0.02005730659025788
0 0.3984375 0.5501432664756447 0.0078125 0.014326647564469915
0 0.3125 0.5329512893982808 0.0109375 0.02005730659025788
0 0.275 0.3868194842406877 0.0078125 0.014326647564469915
0 0.553125 0.5214899713467048 0.0078125 0.014326647564469915
0 0.478125 0.3954154727793696 0.0078125 0.014326647564469915
0 0.746875 0.6217765042979942 0.009375 0.017191977077363897
0 0.8140625 0.7134670487106017 0.0109375 0.02005730659025788
0 0.846875 0.9455587392550143 0.040625 0.08882521489971347
0 0.8828125 0.1977077363896848 0.0109375 0.017191977077363897
0 0.2828125 0.47564469914040114 0.009375 0.022922636103151862
0 0.153125 0.41260744985673353 0.015625 0.022922636103151862
0 0.3265625 0.25787965616045844 0.0109375 0.022922636103151862
0 0.45625 0.16332378223495703 0.0078125 0.014326647564469915
0 0.4890625 0.18624641833810887 0.009375 0.017191977077363897
0 0.10625 0.30945558739255014 0.0078125 0.02005730659025788
0 0.0671875 0.19197707736389685 0.0078125 0.02005730659025788
0 0.05 0.18051575931232092 0.0078125 0.014326647564469915
0 0.2671875 0.7793696275071633 0.009375 0.02005730659025788
0 0.31875 0.8595988538681948 0.0078125 0.017191977077363897
0 0.0640625 0.8252148997134671 0.0109375 0.017191977077363897
0 0.003125 0.664756446991404 0.0046875 0.02005730659025788
0 0.0171875 0.6848137535816619 0.0078125 0.014326647564469915
0 0.0328125 0.6819484240687679 0.0078125 0.02005730659025788
0 0.03125 0.5931232091690545 0.0109375 0.02005730659025788
0 0.4703125 0.670487106017192 0.0109375 0.017191977077363897
0 0.7828125 0.8108882521489972 0.009375 0.02005730659025788
0 0.834375 0.8252148997134671 0.0109375 0.02005730659025788
0 0.8546875 0.8624641833810889 0.0109375 0.02005730659025788
0 0.7578125 0.9541547277936963 0.0140625 0.025787965616045846
0 0.7078125 0.9914040114613181 0.009375 0.017191977077363897
0 0.7 0.9369627507163324 0.0109375 0.02005730659025788
0 0.675 0.9656160458452722 0.0078125 0.017191977077363897
0 0.9375 0.8481375358166189 0.009375 0.02005730659025788
0 0.9640625 0.9856733524355301 0.009375 0.022922636103151862
0 0.8296875 0.4469914040114613 0.009375 0.017191977077363897
0 0.8203125 0.40114613180515757 0.00625 0.017191977077363897
0 0.7328125 0.5100286532951289 0.0125 0.02005730659025788
0 0.684375 0.4040114613180516 0.009375 0.017191977077363897
0 0.7203125 0.36962750716332377 0.0125 0.025787965616045846
0 0.7 0.36962750716332377 0.009375 0.02005730659025788
0 0.6828125 0.2148997134670487 0.0109375 0.025787965616045846
0 0.815625 0.16045845272206305 0.0125 0.02005730659025788
0 0.8890625 0.1318051575931232 0.0109375 0.02005730659025788
0 0.4484375 0.4326647564469914 0.009375 0.017191977077363897
0 0.209375 0.504297994269341 0.009375 0.014326647564469915
0 0.18125 0.6389684813753582 0.00625 0.017191977077363897
0 0.2 0.5673352435530086 0.0109375 0.022922636103151862
0 0.275 0.5415472779369628 0.009375 0.017191977077363897
0 0.38125 0.21203438395415472 0.009375 0.014326647564469915
0 0.5421875 0.12320916905444126 0.0109375 0.022922636103151862
0 0.5359375 0.5673352435530086 0.0109375 0.017191977077363897
0 0.609375 0.6962750716332379 0.0109375 0.022922636103151862
0 0.6171875 0.7765042979942693 0.0125 0.025787965616045846
0 0.6265625 0.8137535816618912 0.0078125 0.02005730659025788
0 0.596875 0.7593123209169055 0.009375 0.017191977077363897
0 0.54375 0.7220630372492837 0.0125 0.025787965616045846
0 0.7671875 0.6532951289398281 0.009375 0.02005730659025788
0 0.6796875 0.7994269340974212 0.0125 0.02865329512893983
0 0.7234375 0.7249283667621776 0.009375 0.017191977077363897
0 0.7 0.6790830945558739 0.009375 0.017191977077363897
0 0.8265625 0.7163323782234957 0.009375 0.017191977077363897
0 0.88125 0.7478510028653295 0.00625 0.017191977077363897