0 0.125 0.17765042979942694 0.2078125 0.3209169054441261
0 0.5671875 0.836676217765043 0.025 0.05730659025787966
0 0.68125 0.6389684813753582 0.025 0.045845272206303724
0 0.8671875 0.6876790830945558 0.053125 0.10315186246418338
0 0.5484375 0.30945558739255014 0.01875 0.04011461318051576
0 0.06875 0.5644699140401146 0.015625 0.034383954154727794
0 0.0296875 0.4813753581661891 0.01875 0.03151862464183381
0 0.8609375 0.45272206303724927 0.0296875 0.07163323782234957
0 0.796875 0.29512893982808025 0.0125 0.022922636103151862
0 0.684375 0.16332378223495703 0.0109375 0.025787965616045846
0 0.7375 0.11461318051575932 0.0078125 0.017191977077363897
0 0.7234375 0.03151862464183381 0.00625 0.014326647564469915
0 0.778125 0.1833810888252149 0.0125 0.03151862464183381
0 0.7828125 0.2034383954154728 0.0125 0.02865329512893983
0 0.96875 0.9369627507163324 0.0484375 0.0830945558739255
0 0.8765625 0.2808022922636103 0.05625 0.1977077363896848