0 0.3171875 0.3960674157303371 0.0421875 0.07865168539325842
0 0.0625 0.898876404494382 0.0203125 0.03089887640449438
0 0.6296875 0.3146067415730337 0.1140625 0.3455056179775281
0 0.60625 0.5196629213483146 0.0265625 0.056179775280898875
0 0.625 0.5758426966292135 0.021875 0.033707865168539325
0 0.6828125 0.23595505617977527 0.0140625 0.025280898876404494
0 0.6796875 0.25842696629213485 0.0109375 0.014044943820224719
0 0.7109375 0.25 0.0265625 0.05337078651685393
0 0.6625 0.38202247191011235 0.015625 0.02247191011235955
0 0.575 0.3595505617977528 0.0109375 0.02247191011235955
0 0.6578125 0.5898876404494382 0.0109375 0.019662921348314606
0 0.7125 0.648876404494382 0.0171875 0.033707865168539325
0 0.5484375 0.7612359550561798 0.0171875 0.03089887640449438
0 0.653125 0.8679775280898876 0.015625 0.02247191011235955
0 0.628125 0.9719101123595506 0.0171875 0.03089887640449438
0 0.6484375 0.9873595505617978 0.015625 0.025280898876404494
0 0.925 0.3792134831460674 0.0640625 0.09831460674157304
0 0.91875 0.7528089887640449 0.1609375 0.38202247191011235
0 0.1875 0.13202247191011235 0.01875 0.03089887640449438
0 0.3046875 0.17134831460674158 0.0140625 0.03089887640449438
0 0.1328125 0.0898876404494382 0.0109375 0.019662921348314606
0 0.1390625 0.12640449438202248 0.0078125 0.016853932584269662
0 0.8171875 0.07303370786516854 0.134375 0.14325842696629212
0 0.81875 0.12078651685393259 0.0171875 0.025280898876404494
0 0.846875 0.15730337078651685 0.0125 0.019662921348314606
0 0.8921875 0.2247191011235955 0.0171875 0.03932584269662921
0 0.2203125 0.5224719101123596 0.0140625 0.025280898876404494
0 0.3125 0.05898876404494382 0.0125 0.02247191011235955
0 0.55 0.06741573033707865 0.0109375 0.025280898876404494
0 0.8421875 0.3342696629213483 0.0125 0.028089887640449437
0 0.840625 0.2696629213483146 0.009375 0.02247191011235955
0 0.871875 0.2893258426966292 0.0140625 0.019662921348314606
0 0.8484375 0.42696629213483145 0.0171875 0.03089887640449438
0 0.915625 0.46348314606741575 0.0125 0.03089887640449438
0 0.878125 0.5421348314606742 0.0125 0.025280898876404494
0 0.7390625 0.5870786516853933 0.0125 0.016853932584269662
0 0.75 0.6067415730337079 0.015625 0.019662921348314606
0 0.1375 0.5421348314606742 0.0125 0.019662921348314606
0 0.1234375 0.5084269662921348 0.0109375 0.014044943820224719
0 0.090625 0.9803370786516854 0.009375 0.019662921348314606
0 0.1234375 0.9747191011235955 0.0125 0.019662921348314606
0 0.11875 0.8876404494382022 0.0109375 0.016853932584269662
0 0.0625 0.952247191011236 0.0140625 0.02247191011235955
0 0.0421875 0.9775280898876404 0.009375 0.014044943820224719
0 0.321875 0.6825842696629213 0.0125 0.02247191011235955
0 0.1328125 0.2556179775280899 0.015625 0.02247191011235955
0 0.4921875 0.17696629213483145 0.0109375 0.019662921348314606
0 0.4640625 0.17696629213483145 0.0140625 0.028089887640449437
0 0.4859375 0.3904494382022472 0.0109375 0.014044943820224719
0 0.528125 0.42696629213483145 0.0109375 0.02247191011235955
0 0.640625 0.7303370786516854 0.0125 0.028089887640449437
0 0.64375 0.7556179775280899 0.0125 0.019662921348314606
0 0.165625 0.901685393258427 0.03125 0.0449438202247191
0 0.7640625 0.3848314606741573 0.0140625 0.016853932584269662
0 0.7765625 0.8314606741573034 0.009375 0.02247191011235955
0 0.640625 0.7893258426966292 0.0140625 0.019662921348314606
0 0.565625 0.8651685393258427 0.0140625 0.019662921348314606
0 0.584375 0.8848314606741573 0.0109375 0.019662921348314606
0 0.53125 0.8651685393258427 0.0125 0.019662921348314606
0 0.6203125 0.9213483146067416 0.0109375 0.019662921348314606
0 0.6203125 0.8848314606741573 0.0125 0.019662921348314606
0 0.565625 0.9831460674157303 0.0203125 0.025280898876404494
0 0.6703125 0.9775280898876404 0.0140625 0.02247191011235955
0 0.65625 0.9101123595505618 0.0125 0.019662921348314606
0 0.775 0.898876404494382 0.009375 0.019662921348314606
0 0.6671875 0.7471910112359551 0.0109375 0.016853932584269662
0 0.690625 0.7415730337078652 0.0109375 0.014044943820224719
0 0.7875 0.6460674157303371 0.021875 0.042134831460674156
0 0.821875 0.5393258426966292 0.01875 0.02247191011235955
0 0.9765625 0.4410112359550562 0.025 0.0702247191011236
0 0.9796875 0.18820224719101122 0.040625 0.10674157303370786
0 0.915625 0.09831460674157304 0.0109375 0.019662921348314606
0 0.9453125 0.12078651685393259 0.0140625 0.02247191011235955
0 0.9328125 0.14887640449438203 0.0078125 0.016853932584269662
0 0.9265625 0.03651685393258427 0.0078125 0.019662921348314606
0 0.9328125 0.011235955056179775 0.0109375 0.016853932584269662
0 0.8875 0.011235955056179775 0.01875 0.02247191011235955
0 0.896875 0.08146067415730338 0.0109375 0.019662921348314606
0 0.08125 0.12921348314606743 0.0109375 0.016853932584269662
0 0.25 0.7949438202247191 0.0171875 0.028089887640449437