0 0.4484375 0.6657303370786517 0.125 0.22752808988764045
0 0.49375 0.16573033707865167 0.08125 0.1544943820224719
0 0.8796875 0.19382022471910113 0.1625 0.27808988764044945
0 0.9484375 0.36235955056179775 0.1015625 0.23314606741573032
0 0.9921875 0.5140449438202247 0.0140625 0.05898876404494382
0 0.7546875 0.6348314606741573 0.05625 0.09269662921348315
0 0.6765625 0.8932584269662921 0.0328125 0.0702247191011236
0 0.9578125 0.8314606741573034 0.040625 0.08426966292134831
0 0.9203125 0.6376404494382022 0.034375 0.0702247191011236
0 0.8953125 0.6039325842696629 0.0328125 0.06460674157303371
0 0.309375 0.45224719101123595 0.03125 0.05337078651685393
0 0.1609375 0.8174157303370787 0.0265625 0.05056179775280899
0 0.0953125 0.7724719101123596 0.028125 0.05056179775280899
0 0.459375 0.9353932584269663 0.0515625 0.09269662921348315
0 0.5421875 0.9073033707865169 0.0484375 0.09269662921348315
0 0.565625 0.8848314606741573 0.015625 0.042134831460674156
0 0.5734375 0.9550561797752809 0.0125 0.025280898876404494
0 0.4359375 0.851123595505618 0.015625 0.033707865168539325
0 0.6875 0.7584269662921348 0.0203125 0.03651685393258427
0 0.8390625 0.9747191011235955 0.0234375 0.047752808988764044
0 0.8953125 0.7556179775280899 0.0265625 0.05056179775280899
0 0.64375 0.1404494382022472 0.01875 0.033707865168539325
0 0.66875 0.351123595505618 0.0203125 0.03932584269662921
0 0.6859375 0.4157303370786517 0.015625 0.03089887640449438
0 0.6296875 0.6264044943820225 0.015625 0.03089887640449438
0 0.6796875 0.7134831460674157 0.01875 0.03651685393258427
0 0.8734375 0.6966292134831461 0.0265625 0.047752808988764044
0 0.9796875 0.6039325842696629 0.0203125 0.042134831460674156
0 0.2421875 0.4859550561797753 0.0140625 0.028089887640449437
0 0.278125 0.46629213483146065 0.0171875 0.03651685393258427
0 0.2640625 0.42696629213483145 0.0125 0.025280898876404494
0 0.2921875 0.23595505617977527 0.0140625 0.028089887640449437
0 0.5296875 0.3398876404494382 0.0140625 0.033707865168539325
0 0.5453125 0.7162921348314607 0.0140625 0.028089887640449437
0 0.225 0.7752808988764045 0.015625 0.025280898876404494
0 0.2375 0.8286516853932584 0.0140625 0.03089887640449438
0 0.0984375 0.48314606741573035 0.021875 0.03932584269662921
0 0.109375 0.19101123595505617 0.01875 0.0449438202247191
0 0.384375 0.09550561797752809 0.01875 0.033707865168539325
0 0.6953125 0.2640449438202247 0.0140625 0.033707865168539325
0 0.5 0.4943820224719101 0.0171875 0.03089887640449438
0 0.4734375 0.3398876404494382 0.0234375 0.042134831460674156
0 0.65 0.014044943820224719 0.0234375 0.025280898876404494
0 0.778125 0.03651685393258427 0.021875 0.033707865168539325
0 0.85625 0.5533707865168539 0.0140625 0.028089887640449437
0 0.8453125 0.6910112359550562 0.0125 0.025280898876404494
0 0.6265625 0.48314606741573035 0.0140625 0.028089887640449437
0 0.23125 0.25280898876404495 0.0234375 0.042134831460674156
0 0.2546875 0.3202247191011236 0.0234375 0.03932584269662921
0 0.2640625 0.27247191011235955 0.0140625 0.025280898876404494
0 0.3640625 0.03089887640449438 0.0125 0.02247191011235955
0 0.56875 0.4410112359550562 0.0140625 0.025280898876404494
0 0.1953125 0.5814606741573034 0.028125 0.06179775280898876
0 0.01875 0.6910112359550562 0.0375 0.28370786516853935
0 0.346875 0.7528089887640449 0.0140625 0.025280898876404494
0 0.65 0.8342696629213483 0.0171875 0.025280898876404494
0 0.7125 0.8174157303370787 0.0109375 0.025280898876404494
0 0.671875 0.6095505617977528 0.0125 0.028089887640449437
0 0.51875 0.6179775280898876 0.0125 0.028089887640449437
0 0.2953125 0.9101123595505618 0.0109375 0.019662921348314606
0 0.775 0.6938202247191011 0.0140625 0.025280898876404494
0 0.825 0.7191011235955056 0.0140625 0.02247191011235955
0 0.6453125 0.3792134831460674 0.0140625 0.025280898876404494
0 0.45625 0.2808988764044944 0.0109375 0.016853932584269662
0 0.034375 0.19101123595505617 0.0203125 0.03651685393258427
0 0.09375 0.15168539325842698 0.009375 0.016853932584269662
0 0.1953125 0.6825842696629213 0.025 0.047752808988764044
0 0.6984375 0.547752808988764 0.0109375 0.02247191011235955
0 0.84375 0.5252808988764045 0.01875 0.019662921348314606
0 0.70625 0.4803370786516854 0.0109375 0.019662921348314606
0 0.29375 0.17415730337078653 0.0171875 0.028089887640449437
0 0.5765625 0.07303370786516854 0.0125 0.02247191011235955
0 0.6140625 0.08707865168539326 0.0125 0.02247191011235955
0 0.65625 0.24157303370786518 0.0171875 0.03089887640449438
0 0.0234375 0.14325842696629212 0.0171875 0.02247191011235955
0 0.2375 0.6573033707865169 0.028125 0.047752808988764044
0 0.4765625 0.5056179775280899 0.0109375 0.019662921348314606
0 0.6328125 0.3146067415730337 0.009375 0.019662921348314606
0 0.3625 0.5674157303370787 0.0078125 0.016853932584269662
0 0.390625 0.5617977528089888 0.0078125 0.016853932584269662
0 0.4109375 0.5674157303370787 0.0078125 0.014044943820224719
0 0.3703125 0.5168539325842697 0.009375 0.019662921348314606
0 0.415625 0.48314606741573035 0.009375 0.016853932584269662
0 0.3515625 0.5 0.0078125 0.014044943820224719
0 0.28125 0.5926966292134831 0.0078125 0.014044943820224719
0 0.2828125 0.6320224719101124 0.0078125 0.014044943820224719
0 0.5015625 0.5393258426966292 0.009375 0.014044943820224719
0 0.69375 0.2949438202247191 0.009375 0.019662921348314606
0 0.7078125 0.1404494382022472 0.009375 0.019662921348314606
0 0.7359375 0.14325842696629212 0.009375 0.016853932584269662
0 0.8015625 0.12640449438202248 0.0078125 0.016853932584269662
0 0.7875 0.07303370786516854 0.00625 0.014044943820224719
0 0.9234375 0.10393258426966293 0.0109375 0.02247191011235955
0 0.9171875 0.016853932584269662 0.009375 0.016853932584269662
0 0.9390625 0.16573033707865167 0.0078125 0.016853932584269662
0 0.9765625 0.25842696629213485 0.0078125 0.016853932584269662
0 0.940625 0.20786516853932585 0.009375 0.016853932584269662
0 0.978125 0.14887640449438203 0.0078125 0.016853932584269662
0 0.990625 0.14325842696629212 0.0078125 0.016853932584269662
0 0.996875 0.2640449438202247 0.00625 0.019662921348314606
0 0.6625 0.07584269662921349 0.0078125 0.014044943820224719
0 0.58125 0.03932584269662921 0.0109375 0.016853932584269662
0 0.603125 0.05337078651685393 0.0109375 0.014044943820224719
0 0.6078125 0.033707865168539325 0.009375 0.016853932584269662
0 0.5609375 0.20224719101123595 0.0125 0.016853932584269662
0 0.790625 0.5786516853932584 0.009375 0.019662921348314606
0 0.8546875 0.5926966292134831 0.0078125 0.016853932584269662
0 0.8015625 0.7387640449438202 0.009375 0.016853932584269662
0 0.653125 0.7359550561797753 0.009375 0.019662921348314606
0 0.5625 0.5646067415730337 0.009375 0.016853932584269662
0 0.5640625 0.34269662921348315 0.0078125 0.019662921348314606
0 0.5484375 0.33707865168539325 0.009375 0.016853932584269662
0 0.5390625 0.45786516853932585 0.009375 0.016853932584269662
0 0.525 0.3089887640449438 0.0078125 0.014044943820224719
0 0.4390625 0.27247191011235955 0.0109375 0.025280898876404494
0 0.621875 0.2696629213483146 0.0078125 0.014044943820224719
0 0.7046875 0.17415730337078653 0.00625 0.014044943820224719
0 0.578125 0.2893258426966292 0.00625 0.011235955056179775
0 0.71875 0.08146067415730338 0.00625 0.014044943820224719
0 0.7453125 0.09831460674157304 0.0078125 0.011235955056179775
0 0.6875 0.07865168539325842 0.00625 0.011235955056179775
0 0.7625 0.27247191011235955 0.0078125 0.016853932584269662
0 0.8140625 0.028089887640449437 0.0078125 0.011235955056179775
0 0.809375 0.03651685393258427 0.0078125 0.011235955056179775
0 0.528125 0.033707865168539325 0.0109375 0.019662921348314606
0 0.525 0.4241573033707865 0.0140625 0.03089887640449438
0 0.3875 0.3595505617977528 0.0140625 0.019662921348314606
0 0.3609375 0.38764044943820225 0.0125 0.019662921348314606
0 0.3875 0.3848314606741573 0.009375 0.016853932584269662
0 0.3109375 0.9634831460674157 0.0109375 0.019662921348314606
0 0.5515625 0.8398876404494382 0.0109375 0.019662921348314606
0 0.3484375 0.05056179775280899 0.021875 0.042134831460674156
0 0.7015625 0.5702247191011236 0.009375 0.014044943820224719
0 0.6953125 0.5870786516853933 0.009375 0.019662921348314606
0 0.7375 0.5196629213483146 0.0078125 0.016853932584269662
0 0.675 0.5168539325842697 0.009375 0.016853932584269662
0 0.6921875 0.4887640449438202 0.0109375 0.016853932584269662
0 0.6125 0.4410112359550562 0.0078125 0.014044943820224719
0 0.6546875 0.42134831460674155 0.009375 0.016853932584269662
0 0.6515625 0.5561797752808989 0.0109375 0.019662921348314606
0 0.6390625 0.5589887640449438 0.0078125 0.016853932584269662
0 0.5203125 0.5589887640449438 0.0109375 0.016853932584269662
0 0.4875 0.6067415730337079 0.009375 0.016853932584269662
0 0.48125 0.5870786516853933 0.00625 0.011235955056179775
0 0.5890625 0.7191011235955056 0.0078125 0.014044943820224719
0 0.5390625 0.8174157303370787 0.0078125 0.016853932584269662
0 0.4390625 0.7949438202247191 0.0078125 0.014044943820224719
0 0.4671875 0.7752808988764045 0.009375 0.016853932584269662
0 0.4609375 0.8146067415730337 0.00625 0.011235955056179775