0 0.83125 0.38764044943820225 0.065625 0.12359550561797752
0 0.878125 0.45224719101123595 0.0359375 0.06179775280898876
0 0.8796875 0.5421348314606742 0.053125 0.09831460674157304
0 0.7734375 0.7752808988764045 0.04375 0.07865168539325842
0 0.5265625 0.8539325842696629 0.04375 0.06460674157303371
0 0.175 0.8426966292134831 0.053125 0.10393258426966293
0 0.09375 0.3539325842696629 0.034375 0.05898876404494382
0 0.378125 0.5533707865168539 0.040625 0.08426966292134831
0 0.7265625 0.05898876404494382 0.0453125 0.07865168539325842
0 0.4234375 0.1797752808988764 0.025 0.042134831460674156
0 0.0390625 0.547752808988764 0.040625 0.06460674157303371
0 0.253125 0.5561797752808989 0.0390625 0.06460674157303371
0 0.33125 0.7752808988764045 0.04375 0.11235955056179775
0 0.371875 0.8567415730337079 0.046875 0.09269662921348315
0 0.6203125 0.6292134831460674 0.0296875 0.06460674157303371
0 0.725 0.3455056179775281 0.025 0.056179775280898875
0 0.74375 0.6207865168539326 0.028125 0.05056179775280899
0 0.4609375 0.4410112359550562 0.0515625 0.08707865168539326
0 0.746875 0.47752808988764045 0.040625 0.0702247191011236
0 0.89375 0.12078651685393259 0.028125 0.05056179775280899
0 0.9421875 0.5449438202247191 0.028125 0.056179775280898875
0 0.828125 0.8314606741573034 0.01875 0.03651685393258427
0 0.78125 0.9803370786516854 0.0265625 0.03932584269662921
0 0.53125 0.9634831460674157 0.0359375 0.06179775280898876
0 0.49375 0.9634831460674157 0.0390625 0.07303370786516854
0 0.246875 0.952247191011236 0.03125 0.05056179775280899
0 0.228125 0.10955056179775281 0.025 0.042134831460674156
0 0.4125 0.30337078651685395 0.028125 0.05337078651685393
0 0.6234375 0.5449438202247191 0.0515625 0.05898876404494382
0 0.5984375 0.8455056179775281 0.0328125 0.0702247191011236
0 0.6640625 0.800561797752809 0.0296875 0.056179775280898875
0 0.2234375 0.8370786516853933 0.0328125 0.06741573033707865
0 0.1953125 0.5842696629213483 0.021875 0.03932584269662921
0 0.171875 0.2556179775280899 0.028125 0.05337078651685393
0 0.2609375 0.42696629213483145 0.025 0.05337078651685393
0 0.3265625 0.5674157303370787 0.03125 0.07584269662921349
0 0.4109375 0.30337078651685395 0.0265625 0.05056179775280899
0 0.4 0.36235955056179775 0.021875 0.042134831460674156
0 0.5390625 0.648876404494382 0.025 0.0449438202247191
0 0.61875 0.30337078651685395 0.0203125 0.0449438202247191
0 0.58125 0.3595505617977528 0.021875 0.03932584269662921
0 0.078125 0.199438202247191 0.04375 0.07865168539325842
0 0.1453125 0.21348314606741572 0.0296875 0.05898876404494382
0 0.684375 0.10955056179775281 0.0234375 0.05056179775280899
0 0.775 0.351123595505618 0.025 0.07584269662921349
0 0.125 0.7331460674157303 0.0265625 0.05337078651685393
0 0.178125 0.43258426966292135 0.025 0.047752808988764044
0 0.23125 0.2612359550561798 0.0390625 0.05337078651685393
0 0.090625 0.4353932584269663 0.0421875 0.06741573033707865
0 0.14375 0.3904494382022472 0.025 0.042134831460674156
0 0.2875 0.12078651685393259 0.0234375 0.03651685393258427
0 0.3109375 0.1601123595505618 0.0203125 0.03651685393258427
0 0.0171875 0.7921348314606742 0.01875 0.033707865168539325
0 0.615625 0.7780898876404494 0.0265625 0.06179775280898876
0 0.9 0.06741573033707865 0.0203125 0.0449438202247191
0 0.9703125 0.016853932584269662 0.0265625 0.033707865168539325
0 0.8765625 0.8370786516853933 0.01875 0.03651685393258427
0 0.26875 0.9073033707865169 0.021875 0.03089887640449438
0 0.5859375 0.4859550561797753 0.0234375 0.033707865168539325
0 0.53125 0.4044943820224719 0.015625 0.03089887640449438
0 0.64375 0.45786516853932585 0.025 0.03651685393258427
0 0.45 0.20786516853932585 0.0171875 0.028089887640449437
0 0.04375 0.6207865168539326 0.028125 0.0449438202247191
0 0.85 0.7443820224719101 0.0234375 0.03932584269662921
0 0.2796875 0.0449438202247191 0.025 0.042134831460674156