0 0.7453125 0.24649859943977592 0.09375 0.1484593837535014
0 0.84375 0.4005602240896359 0.0390625 0.07282913165266107
0 0.796875 0.4733893557422969 0.059375 0.08683473389355742
0 0.5828125 0.7142857142857143 0.0359375 0.0700280112044818
0 0.415625 0.5014005602240896 0.0328125 0.06162464985994398
0 0.4140625 0.3473389355742297 0.0390625 0.0784313725490196
0 0.4875 0.058823529411764705 0.0375 0.07282913165266107
0 0.65 0.2773109243697479 0.034375 0.04481792717086835
0 0.753125 0.0896358543417367 0.025 0.036414565826330535
0 0.88125 0.15966386554621848 0.01875 0.0196078431372549
0 0.8296875 0.8403361344537815 0.0421875 0.08403361344537816
0 0.88125 0.6498599439775911 0.025 0.047619047619047616
0 0.3765625 0.5658263305322129 0.0390625 0.058823529411764705
0 0.9390625 0.28851540616246496 0.0421875 0.09803921568627451
0 0.6609375 0.7591036414565826 0.0625 0.08683473389355742
0 0.45 0.2689075630252101 0.0375 0.04481792717086835
0 0.140625 0.5462184873949579 0.0328125 0.04481792717086835
0 0.271875 0.11204481792717087 0.01875 0.0392156862745098
0 0.5109375 0.8991596638655462 0.0265625 0.0392156862745098
0 0.771875 0.6918767507002801 0.021875 0.04201680672268908
0 0.44375 0.8207282913165266 0.0234375 0.036414565826330535
0 0.8640625 0.7703081232492998 0.03125 0.06722689075630252
0 0.9671875 0.9467787114845938 0.05 0.08683473389355742
0 0.0171875 0.31932773109243695 0.0328125 0.047619047619047616
0 0.3375 0.3445378151260504 0.0296875 0.06162464985994398
0 0.31875 0.49859943977591037 0.0171875 0.03081232492997199
0 0.2953125 0.5266106442577031 0.025 0.03081232492997199
0 0.5328125 0.484593837535014 0.01875 0.036414565826330535
0 0.63125 0.5462184873949579 0.03125 0.04481792717086835
0 0.903125 0.11484593837535013 0.0234375 0.05322128851540616