0 0.753125 0.504225352112676 0.0625 0.1267605633802817
0 0.9546875 0.2619718309859155 0.0609375 0.11267605633802817
0 0.925 0.14084507042253522 0.0421875 0.07887323943661972
0 0.709375 0.2676056338028169 0.0578125 0.11267605633802817
0 0.2390625 0.38591549295774646 0.25625 0.5633802816901409
0 0.2015625 0.9211267605633803 0.03125 0.0647887323943662
0 0.421875 0.7633802816901408 0.0203125 0.04507042253521127
0 0.5796875 0.35774647887323946 0.0328125 0.07042253521126761
0 0.6078125 0.16338028169014085 0.03125 0.056338028169014086
0 0.559375 0.09577464788732394 0.021875 0.03943661971830986
0 0.5265625 0.09295774647887324 0.0296875 0.05070422535211268
0 0.5359375 0.8 0.046875 0.07605633802816901
0 0.978125 0.6845070422535211 0.04375 0.09014084507042254
0 0.846875 0.6 0.025 0.05070422535211268
0 0.865625 0.6816901408450704 0.0171875 0.03380281690140845
0 0.8953125 0.6647887323943662 0.0265625 0.03380281690140845
0 0.5953125 0.6563380281690141 0.03125 0.10140845070422536
0 0.9890625 0.4169014084507042 0.0203125 0.04507042253521127
0 0.9609375 0.4563380281690141 0.021875 0.04225352112676056
0 0.8140625 0.23380281690140844 0.0359375 0.07887323943661972
0 0.696875 0.18591549295774648 0.015625 0.036619718309859155