0 0.23515625 0.8309248554913294 0.2296875 0.33815028901734107
0 0.1578125 0.9450867052023122 0.0453125 0.07225433526011561
0 0.4140625 0.9248554913294798 0.0578125 0.10982658959537572
0 0.465625 0.9277456647398844 0.0265625 0.046242774566473986
0 0.85 0.21098265895953758 0.0484375 0.08670520231213873
0 0.471875 0.3439306358381503 0.0640625 0.11271676300578035
0 0.109375 0.5028901734104047 0.0640625 0.11849710982658959
0 0.5109375 0.8352601156069365 0.034375 0.04335260115606936
0 0.621875 0.2630057803468208 0.03125 0.06358381502890173
0 0.178125 0.3439306358381503 0.028125 0.046242774566473986
0 0.5671875 0.16473988439306358 0.0203125 0.03468208092485549
0 0.75625 0.6979768786127167 0.315625 0.6040462427745664
0 0.85625 0.36127167630057805 0.05 0.07803468208092486
0 0.8421875 0.0953757225433526 0.0296875 0.04335260115606936
0 0.4203125 0.6502890173410405 0.0171875 0.03468208092485549
0 0.01875 0.5809248554913294 0.01875 0.03757225433526012
0 0.4859375 0.2254335260115607 0.0484375 0.07514450867052024
0 0.340625 0.3265895953757225 0.0453125 0.07803468208092486
0 0.1 0.06936416184971098 0.1328125 0.1329479768786127